5.20601630933357
4.15898292943051
3.788145065307617
4.430329934144631
4.736932642319623
4.633177121480306
4.3766350379356975
5.034869194030762
5.321384429931641
4.3248146186440675
4.8281675974528
4.763082716200087
5.224870808919271
4.661006927490234
4.2481343405587335
5.669693686745384
3.477237902189556
4.165940980653505
4.395199046415441
4.2447949577780335
4.136360531761532
4.289674799493018
4.381187107252038
3.8851483154296873
4.225161812522194
5.002482786016949
5.119529574525123
4.207459949311756
3.7055267333984374
4.316221196600732
4.225161812522194
4.389677515569723
4.227081298828125
5.188241452586894
4.960446958188657
3.727045694986979
3.9116130628083883
4.051974487304688
4.738394737243652
5.239338121916118
3.231793212890625
4.103583305112777
4.680897521972656
4.650003144235322
3.061137859637921
4.1978903377757355
4.421148861155791
4.405764493075284
4.102375030517578
3.628382001604353
3.5917884425113074
4.1428375244140625
4.02867993441495
4.517715226358442
4.608920627170139
4.134714586981412
3.1244723796844482
4.633522578648159
3.8446214948381696
5.379527791341146
4.247709173905222
2.9759040500806724
4.94659423828125
5.1054026285807295
3.858990805489676
4.468644655667818
4.436166158536586
4.50925468676018
4.438941955566406
4.267158235822405
4.450197086777798
4.344814134680706
4.087331331693209
4.379418267144097
4.359472835765166
5.103145853678385
5.869331359863281
5.214259807880108
4.306941562228733
4.133646011352539
4.759914691631611
3.495178916237571
4.092142441693475
5.658778471105239
3.8809686388288225
5.156209160299862
5.467792987823486
3.5863377707345143
4.458418412642046
3.793078286307199
3.750318315294054
4.351243452592329
4.65740442276001
2.968602418899536
3.9571893865411933
4.765088399251302
5.332026713603252
5.0895547305836395
4.77757884837963
5.2091008504231775
4.363536580403646
4.172232376901727
5.188533359103733
3.632468483664773
4.192596435546875
4.5780534744262695
5.4760080973307295
4.829234822591146
3.9705138206481934
4.788568597090872
5.4760080973307295
5.976734924316406
4.2196807861328125
4.08947519155649
4.997444484544837
6.16635979546441
5.304585048130581
4.82624626159668
4.292075157165527
4.7962345796472885
2.6960337162017822
3.8802769978841147
3.7551830516142
4.005451679229736
4.71674108505249
5.492521740141369
4.905650926672894
4.525463104248047
3.7660681984641333
5.447418799767127
4.941646351533778
5.1216219009891635
4.643107822963169
5.073657565646702
4.316656441524111
4.904765537806919
4.904765537806919
4.095884323120117
3.185210863749186
5.239844071237664
3.475431203842163
4.476380292107077
4.476380292107077
4.310514662000868
5.152990068708148
6.241038395808293
4.438115334024235
5.745153539321002
5.745153539321002
4.681940351213727
4.186822744516226
3.4906724294026694
4.269987253042368
2.897841453552246
3.858889625186012
2.9070381588406033
5.124457139235276
4.795106070382254
4.343931470598493
5.158845689561632
5.095444435297057
4.882040334302325
3.026674270629883
5.368441990443638
5.067115621363863
4.384297688802083
4.724502139621311
4.153185526529948
3.890394629501715
4.123982323540582
4.384138997395834
4.69661431563528
3.488125887784091
4.539028930664062
4.491132210994112
6.987806797027588
3.9466480678982205
3.0812724720348013
4.860851287841797
5.830560572007123
3.250417709350586
4.386952939240829
4.536763730256454
2.953561237880162
4.1481983184814455
5.460679589248285
5.329906463623047
4.373442909934304
4.545231587177998
3.649616935036399
4.752474975585938
6.167625427246094
3.345496041434152
5.848537098277699
3.7254670795641447
4.923172747502561
4.962347096410291
4.923172747502561
4.962347096410291
5.622530336733218
5.176167668523015
5.030014343261719
4.9053090413411455
4.8844520814957155
4.5914154052734375
4.726082249691612
6.497760425914418
5.9099903935971465
6.119531419542101
5.0808056640625
4.059103077855603
4.755008273654514
3.224126434326172
5.025326199001736
5.7467101247687085
4.7882741292317705
7.003500896951427
4.0553515034337195
4.137054443359375
3.6279956983483355
4.748695217833227
4.265864285555753
6.780557485727163
6.780557485727163
4.805518256293403
3.370564109400699
3.5208206176757812
5.144172159830729
5.262284903690733
3.1855100631713866
5.019565037318638
4.2522727564761515
4.291769547895952
4.5608467102050785
6.040045033330503
3.2170700073242187
3.2170700073242187
4.092570441109793
5.2689995398888225
2.1285652584499783
4.472990148207721
4.593723297119141
5.266295539008246
3.084272237924429
5.017551967075893
4.190733337402344
3.763079833984375
4.018163892957899
4.843512021578276
3.5584592819213867
3.5584592819213867
5.298403739929199
4.318227767944336
4.268360137939453
4.268360137939453
4.202277374267578
3.996622848510742
4.483971659342448
4.526865178888494
4.858908081054688
4.859376173753005
4.597672333588472
4.859376173753005
5.548760775862069
3.7663895743233815
4.950179576873779
4.543515614100865
4.597672333588472
4.994387700007512
6.026910400390625
3.7767810821533203
5.550407409667969
5.382015228271484
4.504164123535157
4.649564009446364
5.052516542632004
5.34720300745081
3.7902943004261362
4.801338958740234
4.055838775634766
3.317562796852805
4.683182254914315
4.999175008138021
4.190046946207683
4.681783040364583
4.182504653930664
2.9165596961975098
4.508592923482259
5.154074532645089
5.262838636125837
3.867335183279855
5.468087629838423
5.203473227364676
4.708420364945023
4.101944371273643
2.6243810653686523
3.9417313285495923
4.3742962461529356
5.057437672334559
4.301869710286458
4.359884262084961
3.3464924494425454
4.4307056003146705
4.575142308285362
4.798087176154642
3.107499694824219
4.577138900756836
4.359780021335768
4.667892904842601
4.431548648410374
4.605694580078125
4.53375473022461
4.306831808651195
3.513761520385742
4.128324775285618
5.538646516345796
6.715822143554687
4.800566173735119
5.203573608398438
4.107108645968967
3.8912695522966056
4.39672715323312
4.923744201660156
4.317786080496652
3.945864200592041
5.063047409057617
3.081537170410156
4.621027432955229
5.449477584273727
3.780514803799716
4.439743423461914
4.769528706868489
4.23412593718498
4.485023117065429
4.737982914365571
5.31135735144982
4.5590966796875
4.284677124023437
3.6926763197954964
4.236951446533203
5.43977301461356
3.9467798868815103
5.148093087332589
3.783736302302434
5.32763706554066
4.602253633386948
4.581162064163773
4.274168014526367
5.711178302764893
4.4157394901398686
4.579965111517137
4.561544612962372
4.805586652057927
5.210721886676291
3.8786290486653647
3.8038132611443016
3.642152052659255
5.077677832709418
5.080576929552802
4.31947766817533
3.4404754638671875
4.7917702414772725
5.091955184936523
5.603868192784926
5.082251485188802
3.784161703927176
4.579124852230675
4.264293193817139
4.852578440020161
3.6745696196684965
3.3147399119841747
3.4987820216587613
4.306594212849935
4.424569447835286
4.413613752885298
5.05712890625
3.7838575575086804
4.292006356375558
4.137688318888347
3.6904510498046874
5.331991195678711
5.281949556790865
5.613087336222331
4.994515380859375
4.927458953857422
5.753090491661658
5.279392589222301
4.130513509114583
3.552212609185113
3.552212609185113
5.678769198330966
5.337410990397135
3.761829376220703
4.96525781804865
4.841350809733073
5.498369344075521
4.769172286987304
4.5140321904962715
6.803352355957031
5.031730064978967
4.314328670501709
4.453746795654297
5.0767870451274675
5.021747789884868
5.03907615260074
5.123708624588816
5.028313887746711
5.14203252019109
5.137765884399414
5.490241050720215
4.508256912231445
4.576169150216239
4.7788591384887695
4.297882606243265
4.446407953898112
5.488892798330269
5.00754105417352
6.055440902709961
5.820627065805288
5.774854617011278
5.819183349609375
5.326103210449219
4.66450299714741
5.082012308054957
4.887268829345703
5.29728522667518
2.4447910308837892
5.243113926478794
2.756324132283529
4.124886322021484
4.346062660217285
4.9178014119466145
4.951255162556966
4.1051492130055145
4.687286376953125
4.755287973504317
4.243669863100405
4.5358717782156805
3.518896738688151
4.392850603376116
4.088371608568274
6.377805233001709
4.693216075067935
3.57103370217716
4.9628753662109375
3.394472122192383
4.931715223524305
3.3919578552246095
5.1162060546875
4.005637168884277
3.6234355253331803
5.087188720703125
3.4817157321506076
4.859803049187911
4.283976660834418
4.471588897705078
3.577734375
3.9214729895958533
4.142091230912642
4.3775083960556405
3.3289198875427246
3.544525146484375
3.7650680541992188
3.5672197341918945
5.542090521918403
4.782450936057351
5.608702810187089
4.808214524213006
4.359396127554087
2.6413219451904295
4.280649185180664
2.415126164754232
4.086987865214446
4.065213012695312
4.596799935867537
4.803721110026042
4.925413404192243
4.739169597625732
6.2885798136393225
4.813055419921875
3.6325254440307617
5.901081085205078
5.035142262776692
5.3097588323777725
5.321913620521283
4.548999633789062
3.579758780343192
5.76699711726262
5.607906886509487
4.003752274946733
4.400218418666294
3.601492955134465
3.2997023264567056
3.8999122619628905
4.589224921332465
7.342652754350142
4.233646901448568
4.918495686848958
5.653396364242312
4.369244743795956
4.834351806640625
4.951725769042969
5.311499532063802
4.857013008811257
3.89667236328125
4.308940505981445
3.6412792205810547
4.497074570766715
3.6113887968517484
6.2270762125651045
4.027598063151042
4.767168045043945
4.378875400709069
3.8269876333383412
4.859528198242187
4.279713221958706
3.7165856794877485
5.871960639953613
6.364718191964286
4.984531568444294
3.4799449920654295
4.434803209806743
6.171854146321615
4.108687506781684
4.259683227539062
4.562421445493345
5.205180867513021
4.154640197753906
4.923884887695312
4.950762794131324
4.363231790476832
2.4651403427124023
4.674385706583659
4.384264738663383
4.527903123335405
4.843669690583882
4.8680259303042765
4.829425209446957
5.0164039611816404
3.8966997782389323
5.786083514873798
3.9377873738606772
5.794180188860212
4.533307711283366
3.541558779202975
4.95169194539388
4.610593459185432
5.37489902271944
5.303363575654871
5.56247756060432
4.630437622070312
3.6777837844122026
4.769823410931756
4.262813023158482
4.604612177068537
5.261066270911175
4.066690921783447
4.403795030381945
5.059525489807129
3.698732164171007
5.108720952814275
5.203854768172555
5.1267505514210665
4.34356689453125
5.007391611735026
4.372249857584635
4.715908432006836
5.31059420838648
3.8565638615534854
3.983556474958147
4.624172634548611
5.376306806291852
3.561603546142578
4.231195068359375
5.438053312755766
4.7343292236328125
4.533045291900635
4.6299591064453125
3.902909851074219
5.075272193321815
3.8775011698404946
4.909575612921464
3.524913533528646
5.7033774636008525
3.354754638671875
3.225101124156605
4.613910001866958
4.5123982429504395
3.2242905298868814
4.0794954042176945
3.915061257102273
5.39136438784392
3.506694793701172
3.5453703744070872
3.7927433558872767
3.773281914847238
4.632134951077974
5.882376821417558
5.305380821228027
5.508800252278646
5.615288229549632
4.927370737834149
3.594177669949002
3.9786216735839846
2.808577060699463
4.258706312913161
3.991861581802368
5.661660445363898
5.661638895670573
4.77630186917489
4.461153984069824
4.421714274088542
3.916447957356771
4.09004020690918
5.708817618233817
4.869636535644531
5.047667846679688
4.905840421977796
5.102582364468961
4.760560212311922
4.536949157714844
4.852455540707237
4.996209280831473
6.351238923914292
4.598607916581003
5.340802793149595
4.806671505882626
3.7806509108770463
4.673942565917969
4.373366038004558
3.701390233533136
5.034857529860276
4.351357777913411
4.574876149495442
3.8242724100748697
4.111114501953125
4.22162769458912
3.250329104336825
5.290959444912997
5.223045797909007
4.400424957275391
3.912085215250651
3.3136374529670265
4.065989176432292
3.474734593951513
2.7175979614257812
2.62122072492327
3.1099726359049478
2.702421188354492
3.8362266786636843
3.857822049048639
2.497481918334961
4.204690933227539
3.6128716468811035
4.223680877685547
3.680288791656494
5.0592905680338545
4.867450651575307
4.474895477294922
3.6970901489257812
3.5980192485608553
3.8155330311168325
3.2758498191833496
3.2306244373321533
4.448116078096278
3.0300505501883372
3.249326160975865
2.3980542233115747
3.72017584906684
3.420050048828125
2.8503405253092446
4.9237518310546875
3.2956921121348506
3.32864726673473
3.702529243800951
3.544684410095215
3.865777015686035
4.430264663696289
2.8934218088785806
2.8237195696149553
2.5734178294306216
4.862427484421503
3.7277198791503907
3.7564010620117188
2.728041330973307
4.11102294921875
3.094315665108817
3.649150979929957
3.565989685058594
3.565061569213867
3.7677364349365234
3.7000318254743303
2.842434933311061
4.632790842363911
3.877935791015625
4.54741749010588
3.027710723876953
4.104941813151042
3.6993848360501804
1.6340707143147786
3.1668009757995605
4.2751756555893845
4.423730638292101
3.223147922092014
4.30438232421875
4.496735282566236
3.738004896375868
3.1416947214226973
3.8982841090152136
3.5141489846365794
2.8373692830403647
4.632338750930059
4.544563929239909
5.4427538420024675
4.074515342712402
4.4589970286299545
4.152584662804236
5.08916255405971
3.2456158724698154
3.675846644810268
4.859214435924184
5.254697297748766
4.170477923224954
4.2813479515814015
3.5026571485731335
4.624734878540039
3.522382354736328
2.954172307794744
3.4424654642740884
4.7507758507361775
3.787439982096354
4.865325927734375
4.980270767211914
2.8803411630483775
4.456080436706543
4.397499416185462
4.231812976655506
4.3033192952473955
5.253022087944879
4.09447261265346
4.244003650753997
4.4846942608173075
5.230924288431804
4.043863101881378
6.243227767944336
5.56050060641381
4.2710550748384914
5.708353457243546
4.7680302937825525
4.134958902994792
5.386147635323661
3.7101691750919117
4.607465616861979
3.8828101524939904
4.788200887044271
3.89394293891059
2.8417164938790456
3.3632035028366816
4.231624603271484
4.439787970648871
3.881839952970806
3.9380787440708707
5.143594149885507
3.335098853478065
4.790650651261613
5.139335045447717
4.282085071910512
4.834321158272879
5.001816749572754
4.260402478669819
4.085559713429418
4.9244384765625
4.788237072172619
5.374830392690805
3.899121160092561
4.074625015258789
4.639406840006511
3.3322039517489346
4.234735662286932
4.8515879313151045
5.4883366902669275
4.709671325683594
4.336459350585938
3.7651505243210566
3.696587085723877
4.782466541637074
4.8076833089192705
3.9494428634643555
5.233510044642857
3.69233154296875
4.221519752785012
4.164411718195135
4.622523272479022
3.822520785861545
3.800602595011393
3.7876545299183237
4.595328648885091
5.060110684098868
4.078178405761719
4.516874040876116
4.4550973215410785
4.581763527610085
4.471098092886118
3.5744869232177736
5.353504180908203
3.8079359266493054
2.6056029001871743
4.428857326507568
4.144087398753447
4.15558090209961
4.294093045321378
4.429443946251502
4.538863863263812
4.74964704011616
4.812533424014137
3.095588528380102
6.123548380533854
5.760107743112664
4.033807663690476
3.068292999267578
3.470074244907924
4.543763160705566
2.8387107849121094
4.168644714355469
4.4851318359375
5.1092686971028645
3.778823440139358
5.255340576171875
3.679501286259404
3.9281444549560547
3.5121576521131725
5.48427497016059
4.608644212995257
4.10999741092805
4.084780524758732
4.875188654119318
4.515751471886268
5.586887961939762
4.051648712158203
2.016737529209682
3.4168270111083983
3.993137482673891
4.936207646908968
3.5419532374331824
4.388884911170373
4.977547023607337
4.683256851999383
3.4129694158380683
3.3528472900390627
3.7585638797644414
4.920476576861213
4.374767030988421
4.938146737905649
4.584253664369936
4.127505909312855
4.340052885167739
4.285642941792806
3.9914750319260817
4.5684351603190105
3.6153454780578613
5.20107184516059
4.574455897013347
5.375711822509766
4.6992134094238285
4.278079986572266
3.362208366394043
5.527907180786133
4.1288036770290795
4.282006190373347
4.636884187397204
4.881167093912761
4.747355779012044
5.248805999755859
3.72352663675944
5.599804878234863
6.940730285644531
5.314002365362449
4.936865234375
4.778120561079546
4.898193359375
4.55040781121505
4.0035788796164775
4.328343854631696
2.944192409515381
3.54248511272928
4.759308815002441
4.4727124665912825
3.420710476962003
4.3652191162109375
4.380982462565104
4.5308854386613175
4.928722805447048
3.6959310259137834
4.720369692201968
4.443734486897786
5.045989990234375
5.272993405659993
3.5191692776150174
2.607903616768973
4.303200354942908
4.0191904703776045
4.801138305664063
4.075906965467665
4.873440742492676
3.4282862345377603
5.176768563010476
4.213659139779898
4.153851976581648
3.425782726657006
4.357589017427885
5.149874732607887
6.0350218878851996
3.671755790710449
4.46900646503155
3.745797634124756
4.842975192599827
4.509583322625411
4.750377454255757
3.023130416870117
4.160805838448661
4.620162632154382
5.0831500462123325
4.516142064874822
4.437241554260254
3.610930009321733
4.6319756141075725
4.2618357340494795
4.712629838423296
5.099096818403765
4.609920192409206
5.615556262788319
2.796441078186035
4.5645556979709205
4.937786865234375
5.2059079950506035
5.049893624441964
4.434317588806152
5.354381016322544
5.126767786537728
5.2161916097005205
4.727470220521439
4.344186244866787
5.201947348458426
3.920317126858619
4.502652900163517
5.400286356608073
4.848372532771184
3.907029288155692
5.257204055786133
5.241898672921317
5.197587013244629
4.783526102701823
5.33409167874244
5.168449401855469
5.585063171386719
3.884998321533203
4.175774185745804
3.7120651245117187
5.047906494140625
4.474045996572457
3.1701927185058594
3.8559024517352762
4.6611152062049275
3.8195377696644175
3.773162841796875
4.120970662434896
4.449861798967634
4.1642372824928975
3.5506362915039062
4.470799372746394
4.187328762478298
4.598293470299763
4.853148610968339
4.111484527587891
2.2374582290649414
5.356870298032407
4.507941410459321
3.7300459209241366
5.0213649355132
4.906585693359375
5.548524039132254
4.4732781304253475
4.985472954644097
4.22954953950027
5.521130084991455
6.041127522786458
4.910666465759277
4.165650409200917
4.795194353376116
4.959170205252511
3.6587292215098506
4.927467933067908
4.674779451810396
4.420060157775879
5.530348459879558
4.233542887369792
5.02813485952524
4.840535990397135
4.817282104492188
4.229122161865234
5.5574146139210665
4.696969713483538
4.611879175359553
3.814978281656901
5.050118390251608
4.590304946899414
5.309412002563477
4.03587646484375
4.8156411912706165
4.719057868508732
4.4719390869140625
4.244858264923096
4.822225423959585
4.848936767578125
5.0693491155451
3.599448394775391
4.078248274953742
5.006623268127441
4.751976138255635
4.600324959590517
4.882216453552246
4.864954206678602
6.7506513595581055
3.7576395670572915
2.5850799560546873
3.145364999771118
4.659139296587775
3.883070809500558
3.9842037624782987
3.617213930402483
5.296118277090567
4.684381658380682
4.8084341513144
4.416506680575284
4.995135613207547
4.812311417017227
4.425454275948661
3.6867125374930247
5.262542300754124
4.480017852783203
4.06288865033318
5.043235270182292
5.01278068905785
4.606087493896484
4.003503899825247
4.443851470947266
4.0818837483723955
5.059628804524739
4.774911499023437
3.9018499200994317
4.575905192982066
4.421672185262044
4.720640762992527
5.004922866821289
4.771928405761718
4.418766566685268
4.531073111074942
4.748773120698475
4.773388671875
5.904584248860677
4.095062510172526
4.656136830647786
4.7183278401692705
3.8046675057246766
3.4821019490559895
4.089508056640625
3.8671585083007813
3.2238981827445654
3.383201090494792
4.0350390116373696
4.7632080078125
4.056231689453125
5.0713128662109375
2.895134925842285
3.9838709513346355
4.144102616743608
5.188663482666016
4.213892211914063
4.86761474609375
3.599468078613281
4.866679077148437
4.765329214242788
4.889176686604817
5.808444431849888
5.455339431762695
5.574535522460938
5.275457021352407
4.662530610055635
4.598379064489294
4.559957504272461
4.864834594726562
5.207326428643588
4.237103669539742
4.6037445068359375
4.093561632879849
4.254842343537704
4.461155778270657
4.612335205078125
4.413841453758446
4.418425100821036
4.371245440314798
4.69737060546875
5.391810607910156
4.023682403564453
3.9560162269905823
3.175376129150391
4.082398385712595
4.329833290793679
3.535071011247306
4.2445039569206955
4.776743035567434
4.25252062209109
4.365305921766493
5.157312711079915
3.768834984820822
4.675881703694661
5.061583613006162
4.9988019670758925
4.4216638380481355
3.5897981980267692
4.4502954250428735
3.925504635541867
4.292753158077117
3.037191054400276
3.615079543169807
4.193218924782493
4.558604649135044
5.446699919524016
4.626776559012277
3.6660075468175553
3.6143178939819336
3.696753438313802
3.8814858829273895
4.490708705357143
3.5637791951497397
3.0859689331054687
4.022969563802083
4.507829364977385
3.870772043863932
4.64529782249814
3.968024155189251
3.4773497581481934
4.5719146728515625
3.812604692247179
2.7540454864501953
3.6817626953125
4.443176814488003
4.293532661769701
3.2900920867919923
4.837176236239347
5.131058586968316
3.813637097676595
5.845437622070312
5.078553230531754
3.400324821472168
4.496085611979167
3.6704689308449074
5.142975178170712
5.10846922132704
4.596647179645041
3.5598590248509456
3.5792238572064567
4.12480218069894
4.710188462999132
4.151305643717448
4.510654938526643
3.89552829140111
4.974044322967529
3.084313177293347
3.5318302963719224
3.6111896514892576
4.613712310791016
3.952587259226832
5.405863268622037
5.165067846124822
3.7763197157118054
4.428496651027514
3.325300852457682
4.538313293457032
4.1712646484375
5.772717562588778
3.0099449157714844
4.290283790001502
4.346178201528696
3.8203601837158203
4.308836503462358
5.9197845458984375
4.971546427408854
3.702924030583079
3.514521026611328
4.349882943289621
4.519157409667969
4.304566327263327
4.152698863636363
3.4497330405495386
4.952220439910889
4.424589677290483
4.594991411481585
4.228679950420673
2.791940450668335
2.9834118893271997
2.396434610540217
5.501365661621094
3.4648969096522175
2.977301461356027
5.407477985728871
3.536850992838542
3.9433971902598506
4.555724225725446
4.598748343331473
3.72555424616887
4.191184692382812
3.7854558041221216
3.765557861328125
2.586408774058024
3.115788459777832
5.37855339050293
4.755931309291294
3.258536529541016
4.389644422029194
4.766929159359056
4.255571637834821
4.0490104130336215
4.4764018058776855
3.7572208751331675
4.325037841796875
3.7162399291992188
4.409437255859375
5.047498067220052
3.844414987871724
4.005503220991655
4.046341289173473
3.679869842529297
4.471694522433811
4.109145482381185
3.6868426983173075
3.9704212861902572
4.35568603515625
4.5996098672190024
5.028350136496804
5.118705749511719
4.239151318868001
5.962309337797619
3.7873001098632812
5.326102761661305
4.345214080810547
4.782329014369419
4.183556747436524
5.264076995849609
4.480166227921195
