5.3362681070963545
4.31800438376034
3.38364501953125
4.4432435647035255
4.74155009876598
4.987161736739309
4.449471085159867
5.6293187459309895
5.317088317871094
4.556379283558239
3.6117826762952303
4.7838488127055925
5.416269013375947
4.6882071244089225
4.511950073242187
5.180162766400506
4.136238098144531
4.188504269248561
4.231159434599035
4.724564870198567
4.061257861909413
4.417253960503472
3.8815402560763888
3.8276728116548977
4.198087692260742
5.297581898082386
5.152943929036458
3.567175547281901
3.859201749165853
4.417968114217122
4.198087692260742
4.430395859938401
4.304757254464286
5.233418204567649
4.923851013183594
3.804733548845564
3.94671630859375
3.976652145385742
4.787884712219238
4.808815365745907
3.2950469569156042
4.425740097508286
4.311603800455729
4.804738898026316
4.119154793875558
3.908165613810221
4.217410659790039
4.6521782875061035
4.662994716478431
4.0271444881663605
3.3728400336371527
4.316497076125372
4.695095683253089
4.569920131138393
5.5268874629851314
3.882979736328125
4.5245504940257355
4.905636180530895
3.9150827768686653
5.186802164713542
4.215174865722656
2.9138364791870117
4.912687821821733
5.051367623465402
4.5717273288302955
4.507242111932664
4.6474662780761715
4.227042061941964
4.483792818509615
4.935350735982259
4.816308045998598
4.173398281665558
3.7773572481595554
4.120560055687314
3.9930663108825684
4.912347157796224
6.068523265697338
5.1523284912109375
4.390159048685214
4.742780118375211
4.6724901701274675
4.222984977390455
3.397550310407366
5.614416022049753
4.014695167541504
5.704500198364258
5.165722094084087
3.7958406147203947
4.267112368629093
3.801910400390625
4.503266906738281
4.541713127723107
4.5065452174136515
2.878169377644857
5.04773930140904
4.9022773742675785
5.363845453029725
5.294064429498488
4.668682098388672
5.195443289620536
4.373896864594006
4.347756807921363
5.0721893310546875
4.356292377818715
3.895966339111328
4.3400456628134085
5.038620948791504
4.727534400092231
4.172884160822088
5.149697113037109
5.038620948791504
5.932671683175223
4.757816314697266
4.822957229614258
4.976920749830163
5.548329671223958
5.354272751581101
4.257880577674279
4.370987955729166
4.684510149274554
3.2483577728271484
3.9736993963068183
3.6362115960372123
4.693817615509033
4.7021960090188415
5.797354125976563
5.825513567243304
3.5926181568818936
3.446143063631925
5.609675667502663
4.901051839192708
5.30341552734375
4.1776257683249085
5.1254627227783205
4.303781236921038
5.3462096320258246
5.3462096320258246
5.283776503342849
2.606255372365316
5.218249130249023
4.48449472280649
4.873390197753906
4.873390197753906
5.061047024197048
5.233522740806022
6.312095828172637
4.520619074503581
5.584392070770264
5.584392070770264
4.511243184407552
4.405609741210937
3.525714111328125
4.718667348225911
3.7208692762586804
4.358829000721807
3.583243476019965
5.1069465050330525
4.248944282531738
4.1130833943684895
3.8191607339041576
5.2140184190538195
5.089300876193576
3.188986385569853
6.410325186593192
5.388147881690492
4.363901519775391
4.578193664550781
4.124820709228516
4.099811863254857
4.285912831624349
4.608827209472656
4.418413434709821
3.8366406758626304
4.252735137939453
4.487509464872057
6.766566276550293
3.9092542860243054
3.737271990094866
5.05151596069336
5.249019622802734
5.172967764047476
4.489168857006317
4.628935440726902
3.1553449630737305
4.4194080352783205
5.466122138790968
5.9075879548725325
4.284365446671195
4.598773629324777
3.821015608938117
4.94218635559082
7.134698486328125
4.429429054260254
4.604029761420356
3.624424653894761
5.100239054361979
4.863517895079496
5.100239054361979
4.863517895079496
5.649512699672154
5.376341948638091
5.088201669546274
4.492071242559524
4.573841592539912
5.178020276521382
5.801006740993923
6.697846152565696
5.559303001121238
5.427399771554129
5.115758356058373
4.049306696111506
4.928259658813476
3.783530426025391
5.5864206949869795
5.712364578247071
5.114410824245876
6.772437054177989
4.065727233886719
3.7792724609375
3.2775982943448154
4.732568105061849
3.6724510192871094
6.635615348815918
6.635615348815918
4.864864894321987
3.090654456097147
4.22217041015625
5.014996696920956
5.34246301651001
4.22125244140625
4.873807089669364
4.458192825317383
4.35133056640625
5.556459947065874
6.2905711298403535
2.0926432609558105
5.582289123535157
4.539778645833334
3.8563444955008372
3.410474337064303
5.047692242790671
5.08692372639974
4.338407728407118
4.640204036937041
3.9817340557391825
4.276434326171875
3.9452750466086646
4.991598690257353
4.818431985789332
3.8365809122721353
3.8365809122721353
4.666800498962402
2.057193565368652
4.601972579956055
4.601972579956055
4.0429850039274795
4.052588858255526
5.041110768037684
4.348632118918679
5.078703880310059
5.110922677176339
4.988119506835938
5.110922677176339
5.923590298356681
3.4641927083333335
5.209336780366444
4.183322058783637
4.988119506835938
5.865996727576623
6.386840209960938
4.083867690142463
4.7948647958261
4.90894535609654
4.862584894353693
4.665518442789714
4.623208279079861
5.060486929757254
5.611617088317871
4.852322169712612
3.881564827852471
2.819463876577524
5.0134282265940024
4.874798478751347
3.8910730150010853
5.328403614185475
4.890515414151278
4.548689189710115
4.351819719587054
4.512646145290798
5.30276346206665
3.6852981567382814
4.602382313121449
5.640464500144676
4.390382272225839
4.887599720674403
2.9171676635742188
4.604866691257643
4.279323032924107
4.93724903307463
4.417553424835205
4.484989367033306
3.528697204589844
3.98209228515625
4.166707852991616
5.037549336751302
5.197886923085088
3.826525115966797
5.2538299560546875
4.658313526826746
5.197094387478298
4.876298904418945
4.631962320078975
4.792003631591797
4.85745096206665
4.1753435134887695
4.998664855957031
6.689191783558239
4.59947259085519
4.362413194444445
5.076063919067383
4.468049029914701
4.1505897521972654
5.0349560546875
4.711875370570591
3.5105282176624644
5.083915104941716
3.4495632465069113
4.0198605445123485
5.2058149973551435
3.951471964518229
4.289573669433594
4.701385498046875
5.737201559132543
4.6778312683105465
4.581675720214844
4.534074910481771
4.553464050292969
4.0225647820366754
4.0900198800223215
4.260659354073661
5.3577219645182295
3.6484515850360575
4.565282721268503
3.890289306640625
5.232494723412298
4.535715888528263
4.865028018043155
3.8830049954927883
6.1361227852957585
4.258741809475806
4.638180463741987
4.683370552810968
4.91989278793335
4.742425231933594
3.9041955336084904
3.4864298502604165
3.2819281357985277
4.785241989862351
5.0416924261277725
4.533682823181152
3.5714497566223145
4.523929302509014
5.414170698686079
5.637178039550781
5.109151503619025
4.279507319132487
4.778850756193462
5.490384270163143
4.939796229771205
3.553841400146484
3.520124053955078
3.4710919516427174
3.8843892415364585
4.592908223470052
5.408676841042259
4.685879937533675
4.461160594019397
4.706503731863839
4.613685438368056
3.909712704745206
5.804253522087546
6.014713105701265
5.275822639465332
4.828989868164062
5.036316319515831
4.183079719543457
5.212334576775046
3.7679498845880683
2.868877584284002
4.633634065326891
5.85869394938151
5.125526936848958
4.943941116333008
4.468341064453125
4.4384662083217075
4.973076502482097
4.737029746726707
4.15015272660689
6.144904192756204
5.359816158519072
4.425338158240685
4.41215104323167
4.711404653695913
4.665627699631911
4.581397423377404
4.733888479379507
4.644188563028972
4.147643456092248
3.6967150370279946
4.6195526123046875
4.217746734619141
4.403442927769253
3.9432551066080728
4.099689852806829
4.9496644337972
5.59314208984375
5.166813569910386
5.609172058105469
5.7467031905900186
5.770682719216418
5.765602535671658
5.291994961825284
4.473024291992187
5.334423828125
3.9924180772569446
5.239896774291992
4.947004699707032
4.632139646089994
3.078007221221924
4.8010741339789496
4.350261688232422
5.0959743376701105
5.809183756510417
4.064398701985677
5.071820576985677
4.820532721442145
4.393818890606916
5.0351134406195746
3.597046407063802
4.815555967133621
4.392081550929857
6.076289653778076
4.805792172749837
4.640597820281982
4.703115081787109
4.466579437255859
5.631222152709961
4.729230013760653
5.0502065022786455
4.539379706749549
3.7456490652901784
5.032759602864584
3.9019783867730036
5.048136138916016
3.4483436584472655
4.833784103393555
3.4186691284179687
3.6207630504261363
4.515672956194196
4.1960452270507815
3.020227704729353
3.2907180786132812
3.945348358154297
3.9110810129266036
5.8197275797526045
4.855223693847656
5.435925132349918
4.865760354434743
4.847735404968262
2.7945392608642576
4.528715006510416
4.50364885832134
4.00302622269611
4.197970954739318
4.697873283835018
5.157493591308594
5.103803362165179
4.585669266550164
6.31297360933744
4.904735934349798
4.303348159790039
5.531930220754523
5.206719398498535
4.808010679302794
5.236970046470905
4.956935589130108
3.935163285997179
4.934098434448242
4.690241033380682
4.081319635564631
4.024115062895275
3.5986456189836775
3.644469041090745
4.095903857000943
4.360951741536458
3.36445060143104
4.754850968070652
5.1741106305803575
5.591628786117312
4.221747625441778
5.046665649414063
4.641850062779018
5.379023657904731
4.020314534505208
4.020102280836839
3.911929918372113
3.555833725702195
4.439017209139737
3.965931104577106
5.972177028656006
4.4027259826660154
4.199172549777561
4.295309240167791
3.9087350027901784
4.776023864746094
4.723855477792245
3.4197602705522017
4.799346923828125
6.113158331976996
5.168916785198709
3.7711250998757104
4.7474220275878904
6.519002641950335
4.346002578735352
3.6789960359272205
4.866213198061343
4.966922124226888
4.0702119554792136
4.913606567382812
5.078282563582711
4.5330648114604335
3.1162787543402777
5.1738596829501065
4.485570907592773
4.429470062255859
3.237799326578776
5.42970839790676
4.553311983744304
5.278999328613281
3.7245494297572543
4.165625138716265
4.001474820650541
6.0911053248814175
4.523981094360352
3.69952392578125
5.2390636867947045
4.402346716986762
5.348155975341797
5.385736083984375
5.567937490102407
4.788400268554687
4.08423578171503
4.713287353515625
4.550580641802619
4.6339569091796875
5.648072560628255
4.041253120668473
2.537677526473999
5.252382755279541
3.645382775200738
4.8376242897727275
4.835486275809152
4.3694334763747
4.17144801698882
4.32976806640625
4.826502631692326
5.370920944213867
5.30064453125
4.776536794809195
3.073360633850098
5.715596712552584
5.194288635253907
4.460302206186148
4.535266876220703
5.480618068150112
4.955781763250178
5.032198588053386
4.449988810221354
4.152866564298931
5.469455718994141
4.075094925729852
5.195883009168837
3.9203091789694393
5.083927154541016
3.8421060898724724
3.275154477074033
4.392524270450368
3.4689534505208335
4.881686619349888
4.136034991290118
4.122747421264648
4.671358642578125
3.6700736151801214
4.034115959616268
3.6387456258138022
4.592922973632812
4.476249107947717
6.364952087402344
6.479907989501953
6.119559288024902
4.880651262071398
4.974063735410391
4.474111328125
4.967736307779948
5.4568986892700195
4.64854020338792
3.9063401222229004
5.379915509905134
5.464021301269531
4.896686422413793
4.336028035481771
4.7319895426432295
3.7513585244455645
4.050269535609654
4.550247464861188
5.767756535456731
5.473483276367188
4.7483266194661455
5.124514685736762
4.326601155598959
4.633279837814032
4.670892815840872
4.908484825721154
5.574861450195312
4.482214554496434
4.872835512514468
4.281411170959473
3.9924142020089284
4.225255966186523
4.510989597865513
3.6586800852129535
4.777551923479352
4.336130339523842
4.492018600990033
3.8215907170222354
4.38561471303304
3.9407630920410157
3.4964319864908853
3.712510172526042
5.033305358886719
4.1544242858886715
3.94388484954834
3.148261833190918
4.064330070249496
3.602858781814575
1.9912332388070912
2.9615478515625
2.8621034622192383
3.980541229248047
3.66845457015499
4.048652912008351
3.7254918416341147
3.462223325456892
2.872003443100873
4.561166127522786
3.738615490141369
5.181979709201389
4.527510385664683
4.774563789367676
3.6632178170340404
3.5435638427734375
3.722071493825605
3.6446163654327393
3.023761204310826
4.831561817842371
3.37500246109501
3.467313913198618
2.428787427070813
6.35024661109561
3.352008819580078
2.5921958287556968
4.260122776031494
3.326909935992697
2.5162127568171573
3.444306903415256
4.569774373372396
1.9078252580430772
4.363229751586914
2.3689990997314454
2.9666736744068287
3.012131400730299
4.226224837764617
3.8182161119249134
3.9144394818474266
4.102979532877604
4.688816070556641
3.094233879676232
3.860298919677734
3.3036942915482954
3.193550522262986
4.667899576822917
4.237965175083706
2.830010732014974
5.284280831473215
4.080824110243055
4.703377859933036
2.9362019432915583
3.6656010945638022
3.68250732421875
2.3165141211615667
3.7155242919921876
4.952485335500617
4.56534423828125
3.6552334489493536
4.245269188514123
4.4772865988991475
4.160134566457648
4.476158142089844
4.025433785574776
3.685249056134905
2.8810836247035434
4.522931671142578
4.42457756629357
4.970719655354817
5.768937544389204
4.4309547424316404
3.519144204946665
4.485907145908901
3.1845794090857873
3.527846654256185
5.328538565800108
5.848548525855655
4.196737501356337
4.153838157653809
4.058154602050781
4.309478066184304
3.3967193603515624
2.656728224320845
4.716634538438585
5.818153381347656
4.136030717329546
5.0427536502961186
5.260883649190267
3.8877348466352983
3.2361791133880615
4.807292108950407
3.6804231916155135
4.066163767939028
4.82379150390625
3.9071836925688244
4.4410215105329245
4.747226715087891
5.02793592087766
4.689916757436899
4.8692827224731445
5.879126089590567
4.465441473599138
5.466775720769709
4.403899129231771
4.635880210182884
5.436299523641897
3.6067072550455728
4.561517987932477
4.348297729492187
4.59348201751709
3.428478240966797
4.561565144856771
4.054227447509765
4.183712005615234
5.677191543579101
4.2154193878173825
3.925412859235491
5.090275065104167
3.171924845377604
4.7387273879278276
4.387223137749566
4.193638392857143
4.506935382711476
4.767012203440947
4.0571000382706925
3.974932534354074
4.945640300882274
4.862852616743608
4.757457256317139
3.718054337935014
4.308908462524414
4.6323867305632564
3.895467440287272
4.984732055664063
5.079475685402199
6.131190999348958
4.539242553710937
4.526774597167969
4.0452078457536365
3.590406475645123
4.622313759543679
4.915725390116374
5.1162841796875
5.17212823096742
3.9839884440104165
4.259926795959473
5.090822855631511
5.0402346010561345
4.067519692813649
3.6160218375069753
4.011831110174006
4.10979870387486
5.005659958411908
4.590483665466309
4.308797624376085
4.259342193603516
4.315371513366699
4.176873871774385
3.5850181579589844
5.099841435750325
3.9962911191193955
4.274234274159307
3.7275653415256076
4.687391094132965
4.204235783329716
4.188416522482167
4.46561336517334
4.632136344909668
4.757142808702257
5.340497589111328
3.4536198634727326
5.235535317278923
5.816133599532278
3.876059158988621
2.665742111206055
2.867375035439768
4.367999927417652
3.637029520670573
4.778486552991365
4.226223285381611
3.8637793404715404
3.846599681957348
5.3432476337139425
3.604856420446325
3.7913404192243303
3.166724068777902
4.877159118652344
5.322061767578125
3.958101321489383
3.5408791934742645
4.691295276988637
4.324241129557292
5.01314301924272
2.7208305807674633
4.07843998500279
3.4214744567871094
3.9559506734212238
4.328019460042317
4.004124111599392
4.704825810023716
4.904896418253581
4.552398681640625
4.807955060686384
4.174342977589574
3.927755182439631
4.93182373046875
4.360877990722656
4.9500286395733175
4.198997974395752
4.6456182570684526
4.806440602178159
5.580039554172092
4.012458801269531
4.985915047781808
4.692284293796705
5.2394569798519735
4.518023681640625
4.844998677571614
4.604998588562012
4.954793294270833
4.353399837718291
5.762377999045632
4.46819341750372
4.643197631835937
4.034078280131022
4.732827273282138
4.415873014009916
4.087809880574544
4.174629720052083
5.9187732272677955
6.516442775726318
5.31195068359375
5.051625569661458
4.729968677867543
4.740413208007812
4.502744140625
3.8896245541779892
4.818545532226563
4.344996982150608
3.379383087158203
3.774529890580611
4.289133453369141
3.3264382680257163
4.2650911966959635
4.258504427396334
4.578876294587788
4.750133938259548
3.5215877409904235
4.650319417317708
4.625033696492513
5.121547992412861
5.0578070068359375
3.1969517299107144
2.719875717163086
3.5464436457707333
3.879016876220703
4.854423229510967
3.9044137252004525
4.9082997639973955
2.6303040186564126
5.183801130814985
4.66939365162569
4.249660785381611
3.657952880859375
4.606535145934199
4.835966186523438
5.373083226821002
3.7315101623535156
4.917333668675916
4.05454299029182
4.503349021629051
5.48350867446588
4.978262508616728
2.506260553995768
3.8112169901529946
4.999101003011067
5.696536344640395
4.600192822908101
4.06433900197347
4.382484436035156
4.2084470476422995
3.916937691824777
4.967409406389509
4.812294642130534
4.77345440838788
5.384388316761363
3.914988777854226
4.430992853073847
4.477558898925781
5.252462881582755
5.350950374159702
5.65383459020544
5.688355509440104
5.051839688929116
5.0754707433000394
4.972002983093262
4.67614052512429
4.244817188807896
3.5282950150339225
5.156467692057292
4.424330393473308
4.877489407857259
4.120981631071671
4.217136928013393
5.314810337164463
5.458134299830387
4.751256482354526
6.100958251953125
5.122226990375323
4.750299181256976
3.9978266176970108
4.233150188739483
3.6636109352111816
4.928901163736979
4.576732788085938
4.633903503417969
4.116795708151424
4.200817108154297
4.309356416974749
4.510902404785156
4.575006757463727
4.220447193492543
4.603360857282366
4.094143867492676
4.2221210186298075
4.2589467366536455
4.696355405061142
4.611025619506836
4.193627301384421
2.646409511566162
5.267336810076678
4.591886875993114
4.2870705344460225
4.764868259429932
4.887841266134511
5.93310312124399
4.7221527099609375
4.795289237544222
4.280161830357143
5.675914287567139
5.738058090209961
4.8623738288879395
4.3835310759367765
4.634274291992187
4.809773036411831
3.4284173716669497
4.943327985491071
5.039242214626736
4.6064018836388225
5.05748582922894
4.913780212402344
5.188590720847801
4.754841613769531
4.878664078251008
4.409857401033727
5.222934429462139
4.766088213239398
4.627454890761265
3.6842161814371743
5.788816115435432
4.987046675248579
5.0337140764508925
3.714951578776042
4.762368679046631
4.140220642089844
5.058601379394531
4.151788150562959
5.348750758815456
4.8686434936523435
5.013067626953125
4.466678873697917
3.679028159693668
4.925785125248016
4.899604045169454
4.775502522786458
4.861701378455529
5.677221934000651
5.754479726155599
4.027116139729817
4.0131884123149675
4.546136743882123
5.230389010521673
4.646500905354817
3.7817064921061196
4.046961697665128
5.644114379882812
4.494462966918945
4.933181338840061
4.8355873107910154
4.727962277970224
4.914380701576791
4.627555084228516
5.060565724092371
5.522599538167317
4.434946562114515
3.7866756916046143
4.488433837890625
5.842008088764391
4.893381292169744
4.817450130687041
4.057471466064453
4.14911615280878
4.983412848578559
4.810950939471905
4.243412017822266
4.560690174932065
3.76165307086447
4.87978860606318
5.247957017686632
4.69495595296224
4.34390141413762
4.72708980853741
4.336871498509457
4.626348495483398
5.154642317030165
4.747071210075827
4.865634918212891
4.06488757663303
4.060081481933594
4.093650309244792
4.11099370320638
6.269774664015997
3.8698436192103793
3.7629348754882814
3.9274139404296875
5.174429691199101
4.390755844116211
4.593033447265625
3.252469843084162
3.947138214111328
3.8864851731520433
4.849035314611487
4.110895156860352
4.677573126715583
3.8586290799654446
4.211329345703125
5.043406459263393
4.781585693359375
5.5834510803222654
5.35728417373285
5.368391707136825
5.170375221653988
4.395534842354911
4.639819646285752
4.6180267333984375
4.9120855712890625
5.491991315569196
4.774262604890047
4.197378431047712
4.0820223721590905
4.297299260678499
4.559546001886917
4.5891985685929
4.345765007866754
4.5028183395798145
5.8484135945638025
4.916817135281033
5.165446254185268
4.1035096703506095
4.031506187037418
3.6164897038386417
4.429749599722928
5.016613642374675
4.477415427183494
4.502896118164062
4.731081136067709
4.389010111490886
5.0539473470052085
5.5419057210286455
3.932201385498047
4.059983958368716
5.064201023267663
5.22223641531808
5.118859185112847
4.183707827613468
4.386992021040483
3.764372083875868
4.356254577636719
3.260710906982422
3.3726781209309897
5.0351116473858175
5.621881394159226
5.405208129882812
4.102252960205078
4.311378479003906
4.391083240509033
4.265780398720189
4.8100084902635265
4.306964874267578
3.6636445787217884
3.7262916564941406
4.772082374209449
5.107292522083629
4.207578023274739
4.614523887634277
5.064929349922839
6.259467569986979
3.6125856287339153
3.586563511898643
4.94469724382673
4.767339433942523
4.48192392985026
4.222374655983665
4.204911231994629
4.904718572443182
5.2702997843424475
4.406605888815487
5.722818647112165
4.959853649139404
4.141263058311061
4.44391835530599
3.7554852803548178
5.665929794311523
4.750100528492647
4.285925431685015
4.259816360473633
4.051418304443359
4.879579671223959
4.475048828125
4.230645751953125
4.609155755293997
4.227846418108259
5.24005606515067
3.706205959977775
3.8973191359947466
4.068683399873621
4.585406963641827
3.5747250643643467
5.3977183680380545
5.138031959533691
3.420558728669819
3.989719147377826
3.4588333129882813
4.737974166870117
5.321891197791467
5.389719424040421
3.716261022231158
4.115735473632813
4.355400368019387
3.2792670208474863
4.480450239337858
4.9597133513419855
4.873011095770474
3.682857695079985
3.929162866928998
4.918674337452855
4.236683909098307
4.8197182103207235
4.661869896782769
3.7281027401194855
4.879203796386719
4.644066220238095
4.650306947769657
4.353292737688337
4.41957577792081
3.767670882375617
2.5573220934186662
5.401878620016164
3.4893712224187077
3.8158887227376304
4.607481522993608
2.1913693167946557
3.8739459991455076
4.467638778686523
4.561628168279475
3.093011474609375
4.73011589050293
4.458934899532434
4.847676171196832
3.340841119939631
3.045320510864258
5.814220428466797
4.632347896181304
3.3439932929144964
4.69129140753495
4.8344793701171875
4.080512823060501
4.638758523123605
5.387558937072754
4.2169199856844815
4.23124395098005
4.180061741879112
4.381256690392127
4.740796319369612
4.1291178189791164
4.471210186298077
4.068819219415838
3.8959579467773438
4.042849540710449
4.62897889510445
4.762265625
4.337977968413254
4.619527670053335
4.703862683526401
4.6761974466258085
4.474419185093471
4.223873138427734
5.845338904339334
4.112846823299632
4.513214111328125
4.562542127526325
4.706033935546875
3.5456369573419746
4.863221849714007
4.201012059261925
