original_content variant_content original_content_hudson variant_content_hudson original_function variant_function original_function_hudson variant_function_hudson
35 20 33 18 37 22 35 20
44 26 42 24 46 28 44 26
22 15 20 13 24 17 22 15
11 16 9 14 13 18 11 16
6 5 4 3 9 8 7 6
6 7 4 5 8 9 6 7
6 7 4 5 8 9 6 7
6 7 4 5 8 9 6 7
14 18 12 16 17 21 15 19
14 10 12 8 16 12 14 10
36 56 34 54 38 58 36 56
11 12 9 10 14 15 12 13
18 17 16 15 21 20 19 18
8 6 6 4 11 9 9 7
9 13 7 11 11 15 9 13
20 16 18 14 27 23 25 21
5 5 3 3 9 9 7 7
17 20 15 18 21 24 19 22
14 10 12 8 16 12 14 10
13 12 11 10 15 14 13 12
6 6 4 4 8 8 6 6
11 14 9 12 16 19 14 17
6 9 4 7 9 12 7 10
4 5 2 3 7 8 5 6
7 7 5 5 9 9 7 7
15 15 13 13 17 17 15 15
9 12 7 10 13 16 11 14
11 9 9 7 14 12 12 10
6 7 4 5 8 9 6 7
10 7 8 5 12 9 10 7
18 13 16 11 20 15 18 13
23 39 21 37 26 42 24 40
6 6 4 4 9 9 7 7
8 9 6 7 11 12 9 10
9 9 7 7 13 13 11 11
6 5 4 3 11 10 9 8
6 5 4 3 8 7 6 5
8 7 6 5 11 10 9 8
6 8 4 6 9 11 7 9
9 7 7 5 12 10 10 8
5 6 3 4 10 11 8 9
8 11 6 9 10 13 8 11
12 12 10 10 14 14 12 12
7 6 5 4 9 8 7 6
4 4 2 2 6 6 4 4
6 5 4 3 8 7 6 5
10 12 8 10 13 15 11 13
8 10 6 8 10 12 8 10
4 4 2 2 6 6 4 4
15 13 13 11 20 18 18 16
10 8 8 6 13 11 11 9
6 7 4 5 8 9 6 7
4 4 2 2 6 6 4 4
4 5 2 3 7 8 5 6
4 6 2 4 8 10 6 8
8 4 6 2 10 6 8 4
9 8 7 6 12 11 10 9
5 5 3 3 8 8 6 6
6 5 4 3 8 7 6 5
10 7 8 5 13 10 11 8
8 7 6 5 10 9 8 7
7 6 5 4 10 9 8 7
7 5 5 3 10 8 8 6
7 7 5 5 10 10 8 8
7 6 5 4 10 9 8 7
11 10 9 8 16 15 14 13
9 6 7 4 12 9 10 7
12 9 10 7 14 11 12 9
5 5 3 3 9 9 7 7
12 11 10 9 16 15 14 13
10 12 8 10 14 16 12 14
6 7 4 5 13 14 11 12
12 10 10 8 17 15 15 13
11 18 9 16 13 20 11 18
12 11 10 9 17 16 15 14
15 19 13 17 17 21 15 19
16 12 14 10 20 16 18 14
5 4 3 2 8 7 6 5
10 12 8 10 13 15 11 13
13 16 11 14 16 19 14 17
14 13 12 11 17 16 15 14
6 6 4 4 10 10 8 8
4 5 2 3 7 8 5 6
6 5 4 3 8 7 6 5
4 5 2 3 7 8 5 6
8 11 6 9 12 15 10 13
6 6 4 4 8 8 6 6
5 5 3 3 9 9 7 7
10 7 8 5 12 9 10 7
8 8 6 6 12 12 10 10
17 11 15 9 21 15 19 13
8 8 6 6 10 10 8 8
9 10 7 8 12 13 10 11
4 4 2 2 6 6 4 4
6 5 4 3 8 7 6 5
6 6 4 4 9 9 7 7
5 5 3 3 9 9 7 7
13 14 11 12 16 17 14 15
8 11 6 9 11 14 9 12
17 15 15 13 19 17 17 15
7 9 5 7 9 11 7 9
5 7 3 5 7 9 5 7
5 6 3 4 8 9 6 7
6 6 4 4 8 8 6 6
11 7 9 5 14 10 12 8
8 6 6 4 10 8 8 6
18 28 16 26 20 30 18 28
13 17 11 15 15 19 13 17
26 18 24 16 28 20 26 18
5 5 3 3 8 8 6 6
6 5 4 3 10 9 8 7
11 9 9 7 13 11 11 9
12 10 10 8 14 12 12 10
5 6 3 4 10 11 8 9
5 7 3 5 9 11 7 9
6 5 4 3 9 8 7 6
10 13 8 11 12 15 10 13
4 5 2 3 7 8 5 6
23 19 21 17 28 24 26 22
10 11 8 9 12 13 10 11
6 5 4 3 9 8 7 6
6 6 4 4 8 8 6 6
8 6 6 4 10 8 8 6
9 11 7 9 13 15 11 13
11 12 9 10 13 14 11 12
7 7 5 5 11 11 9 9
5 7 3 5 9 11 7 9
6 6 4 4 10 10 8 8
5 5 3 3 7 7 5 5
5 8 3 6 10 13 8 11
6 5 4 3 8 7 6 5
4 5 2 3 7 8 5 6
6 8 4 6 10 12 8 10
4 4 2 2 6 6 4 4
16 25 14 23 19 28 17 26
9 12 7 10 13 16 11 14
9 9 7 7 13 13 11 11
7 8 5 6 10 11 8 9
6 5 4 3 9 8 7 6
5 5 3 3 9 9 7 7
5 5 3 3 7 7 5 5
7 7 5 5 9 9 7 7
5 4 3 2 8 7 6 5
7 8 5 6 9 10 7 8
8 6 6 4 10 8 8 6
4 4 2 2 6 6 4 4
7 6 5 4 10 9 8 7
9 14 7 12 11 16 9 14
22 37 20 35 25 40 23 38
9 6 7 4 14 11 12 9
7 9 5 7 9 11 7 9
8 8 6 6 10 10 8 8
5 4 3 2 8 7 6 5
6 4 4 2 9 7 7 5
5 4 3 2 8 7 6 5
5 5 3 3 9 9 7 7
5 5 3 3 7 7 5 5
11 13 9 11 13 15 11 13
9 12 7 10 13 16 11 14
7 7 5 5 11 11 9 9
7 7 5 5 9 9 7 7
5 4 3 2 8 7 6 5
10 7 8 5 15 12 13 10
13 20 11 18 16 23 14 21
5 7 3 5 8 10 6 8
11 14 9 12 14 17 12 15
6 5 4 3 8 7 6 5
8 7 6 5 11 10 9 8
7 9 5 7 9 11 7 9
7 7 5 5 10 10 8 8
8 8 6 6 12 12 10 10
5 4 3 2 8 7 6 5
13 15 11 13 17 19 15 17
7 11 5 9 10 14 8 12
12 12 10 10 16 16 14 14
6 6 4 4 8 8 6 6
7 8 5 6 9 10 7 8
8 7 6 5 11 10 9 8
13 10 11 8 15 12 13 10
4 6 2 4 8 10 6 8
5 6 3 4 8 9 6 7
10 10 8 8 13 13 11 11
5 6 3 4 8 9 6 7
7 7 5 5 10 10 8 8
6 5 4 3 9 8 7 6
5 4 3 2 8 7 6 5
15 16 13 14 17 18 15 16
6 7 4 5 9 10 7 8
6 7 4 5 8 9 6 7
10 13 8 11 13 16 11 14
12 18 10 16 16 22 14 20
16 14 14 12 18 16 16 14
6 7 4 5 11 12 9 10
5 6 3 4 8 9 6 7
9 12 7 10 13 16 11 14
7 7 5 5 13 13 11 11
5 4 3 2 8 7 6 5
6 8 4 6 9 11 7 9
5 4 3 2 8 7 6 5
11 18 9 16 15 22 13 20
8 7 6 5 11 10 9 8
6 5 4 3 9 8 7 6
10 10 8 8 12 12 10 10
11 16 9 14 13 18 11 16
10 8 8 6 15 13 13 11
21 29 19 27 23 31 21 29
9 7 7 5 13 11 11 9
8 10 6 8 12 14 10 12
6 6 4 4 9 9 7 7
8 8 6 6 12 12 10 10
4 4 2 2 6 6 4 4
9 8 7 6 12 11 10 9
9 14 7 12 12 17 10 15
5 6 3 4 8 9 6 7
5 4 3 2 8 7 6 5
7 7 5 5 10 10 8 8
6 7 4 5 11 12 9 10
8 7 6 5 11 10 9 8
13 13 11 11 15 15 13 13
4 4 2 2 6 6 4 4
7 9 5 7 9 11 7 9
55 47 53 45 57 49 55 47
11 9 9 7 13 11 11 9
16 13 14 11 20 17 18 15
5 4 3 2 8 7 6 5
6 6 4 4 8 8 6 6
5 5 3 3 9 9 7 7
6 5 4 3 9 8 7 6
13 8 11 6 17 12 15 10
8 8 6 6 11 11 9 9
7 6 5 4 10 9 8 7
9 6 7 4 12 9 10 7
6 5 4 3 9 8 7 6
9 11 7 9 13 15 11 13
7 7 5 5 10 10 8 8
12 10 10 8 15 13 13 11
5 5 3 3 9 9 7 7
11 8 9 6 14 11 12 9
6 6 4 4 9 9 7 7
23 29 21 27 26 32 24 30
10 8 8 6 15 13 13 11
14 22 12 20 16 24 14 22
14 11 12 9 16 13 14 11
9 10 7 8 14 15 12 13
5 6 3 4 8 9 6 7
15 23 13 21 18 26 16 24
4 4 2 2 6 6 4 4
16 10 14 8 19 13 17 11
5 5 3 3 9 9 7 7
17 11 15 9 20 14 18 12
36 31 34 29 42 37 40 35
6 8 4 6 8 10 6 8
19 12 17 10 21 14 19 12
6 5 4 3 9 8 7 6
47 32 45 30 51 36 49 34
9 11 7 9 14 16 12 14
5 5 3 3 9 9 7 7
6 4 4 2 10 8 8 6
17 11 15 9 19 13 17 11
10 11 8 9 14 15 12 13
7 7 5 5 10 10 8 8
10 13 8 11 13 16 11 14
5 6 3 4 8 9 6 7
9 10 7 8 12 13 10 11
7 6 5 4 10 9 8 7
17 16 15 14 23 22 21 20
5 4 3 2 8 7 6 5
15 9 13 7 18 12 16 10
9 8 7 6 12 11 10 9
11 10 9 8 14 13 12 11
6 5 4 3 8 7 6 5
9 8 7 6 14 13 12 11
10 6 8 4 14 10 12 8
11 16 9 14 17 22 15 20
30 24 28 22 32 26 30 24
10 14 8 12 12 16 10 14
28 19 26 17 32 23 30 21
14 9 12 7 16 11 14 9
4 4 2 2 6 6 4 4
8 7 6 5 11 10 9 8
17 22 15 20 19 24 17 22
4 4 2 2 6 6 4 4
4 7 2 5 9 12 7 10
11 11 9 9 13 13 11 11
8 7 6 5 12 11 10 9
5 4 3 2 8 7 6 5
5 4 3 2 8 7 6 5
7 8 5 6 10 11 8 9
5 4 3 2 8 7 6 5
5 4 3 2 8 7 6 5
7 6 5 4 10 9 8 7
5 6 3 4 8 9 6 7
10 12 8 10 12 14 10 12
7 6 5 4 9 8 7 6
10 14 8 12 14 18 12 16
26 32 24 30 28 34 26 32
25 16 23 14 28 19 26 17
6 6 4 4 9 9 7 7
8 6 6 4 10 8 8 6
5 4 3 2 8 7 6 5
11 10 9 8 14 13 12 11
10 14 8 12 14 18 12 16
6 5 4 3 9 8 7 6
14 14 12 12 17 17 15 15
15 17 13 15 19 21 17 19
14 10 12 8 17 13 15 11
7 7 5 5 9 9 7 7
7 6 5 4 10 9 8 7
9 10 7 8 12 13 10 11
10 13 8 11 14 17 12 15
6 5 4 3 10 9 8 7
8 6 6 4 11 9 9 7
6 6 4 4 9 9 7 7
5 5 3 3 7 7 5 5
5 5 3 3 7 7 5 5
11 9 9 7 14 12 12 10
7 6 5 4 9 8 7 6
6 7 4 5 9 10 7 8
7 8 5 6 9 10 7 8
13 17 11 15 15 19 13 17
12 16 10 14 15 19 13 17
37 58 35 56 39 60 37 58
5 5 3 3 7 7 5 5
12 11 10 9 15 14 13 12
5 5 3 3 7 7 5 5
10 8 8 6 14 12 12 10
7 7 5 5 10 10 8 8
23 13 21 11 26 16 24 14
6 5 4 3 9 8 7 6
12 15 10 13 15 18 13 16
6 4 4 2 10 8 8 6
7 7 5 5 10 10 8 8
9 11 7 9 12 14 10 12
20 16 18 14 23 19 21 17
8 7 6 5 12 11 10 9
11 9 9 7 14 12 12 10
10 7 8 5 17 14 15 12
10 9 8 7 12 11 10 9
10 10 8 8 12 12 10 10
21 36 19 34 24 39 22 37
11 9 9 7 14 12 12 10
23 23 21 21 25 25 23 23
14 9 12 7 16 11 14 9
6 6 4 4 9 9 7 7
4 5 2 3 7 8 5 6
4 5 2 3 7 8 5 6
18 16 16 14 20 18 18 16
9 10 7 8 13 14 11 12
7 6 5 4 12 11 10 9
4 4 2 2 6 6 4 4
11 13 9 11 13 15 11 13
4 4 2 2 6 6 4 4
4 4 2 2 6 6 4 4
7 6 5 4 10 9 8 7
6 6 4 4 8 8 6 6
7 5 5 3 10 8 8 6
5 5 3 3 7 7 5 5
5 4 3 2 8 7 6 5
4 4 2 2 6 6 4 4
4 4 2 2 6 6 4 4
4 4 2 2 6 6 4 4
7 6 5 4 9 8 7 6
6 8 4 6 10 12 8 10
6 8 4 6 9 11 7 9
4 4 2 2 6 6 4 4
7 6 5 4 9 8 7 6
4 4 2 2 6 6 4 4
6 7 4 5 9 10 7 8
8 8 6 6 10 10 8 8
13 13 11 11 17 17 15 15
13 9 11 7 15 11 13 9
8 8 6 6 10 10 8 8
6 5 4 3 8 7 6 5
9 9 7 7 12 12 10 10
4 -3 2 -5 7 0 5 -2
5 4 3 2 8 7 6 5
6 7 4 5 8 9 6 7
5 6 3 4 8 9 6 7
5 6 3 4 8 9 6 7
6 7 4 5 8 9 6 7
7 7 5 5 11 11 9 9
5 6 3 4 8 9 6 7
6 6 4 4 8 8 6 6
8 9 6 7 11 12 9 10
5 5 3 3 7 7 5 5
4 4 2 2 6 6 4 4
4 4 2 2 6 6 4 4
4 4 2 2 6 6 4 4
6 -1 4 -3 8 1 6 -1
8 8 6 6 10 10 8 8
4 5 2 3 7 8 5 6
4 4 2 2 6 6 4 4
6 7 4 5 9 10 7 8
6 6 4 4 8 8 6 6
5 6 3 4 8 9 6 7
5 4 3 2 8 7 6 5
5 4 3 2 8 7 6 5
6 5 4 3 9 8 7 6
11 13 9 11 13 15 11 13
4 4 2 2 6 6 4 4
4 4 2 2 6 6 4 4
5 5 3 3 7 7 5 5
4 4 2 2 6 6 4 4
5 5 3 3 7 7 5 5
5 5 3 3 9 9 7 7
4 4 2 2 6 6 4 4
5 5 3 3 7 7 5 5
10 9 8 7 13 12 11 10
5 5 3 3 7 7 5 5
6 6 4 4 8 8 6 6
11 13 9 11 14 16 12 14
6 6 4 4 8 8 6 6
6 5 4 3 8 7 6 5
4 5 2 3 7 8 5 6
4 5 2 3 7 8 5 6
5 5 3 3 7 7 5 5
4 4 2 2 6 6 4 4
4 4 2 2 6 6 4 4
6 6 4 4 10 10 8 8
4 4 2 2 6 6 4 4
5 5 3 3 9 9 7 7
5 4 3 2 8 7 6 5
13 19 11 17 15 21 13 19
11 11 9 9 14 14 12 12
5 5 3 3 9 9 7 7
4 4 2 2 6 6 4 4
6 6 4 4 8 8 6 6
4 4 2 2 6 6 4 4
7 7 5 5 10 10 8 8
27 19 25 17 30 22 28 20
10 9 8 7 13 12 11 10
9 10 7 8 11 12 9 10
5 8 3 6 8 11 6 9
7 6 5 4 10 9 8 7
33 22 31 20 35 24 33 22
5 4 3 2 8 7 6 5
16 12 14 10 19 15 17 13
11 13 9 11 14 16 12 14
9 14 7 12 11 16 9 14
18 22 16 20 20 24 18 22
8 6 6 4 12 10 10 8
16 15 14 13 18 17 16 15
33 58 31 56 37 62 35 60
5 5 3 3 7 7 5 5
13 17 11 15 16 20 14 18
4 5 2 3 7 8 5 6
4 4 2 2 6 6 4 4
6 6 4 4 8 8 6 6
6 5 4 3 8 7 6 5
11 12 9 10 13 14 11 12
12 16 10 14 15 19 13 17
14 10 12 8 16 12 14 10
7 7 5 5 9 9 7 7
16 13 14 11 19 16 17 14
28 46 26 44 30 48 28 46
12 12 10 10 16 16 14 14
11 11 9 9 15 15 13 13
6 5 4 3 9 8 7 6
6 7 4 5 12 13 10 11
11 11 9 9 13 13 11 11
8 8 6 6 12 12 10 10
5 6 3 4 8 9 6 7
9 9 7 7 12 12 10 10
18 14 16 12 21 17 19 15
13 10 11 8 19 16 17 14
4 4 2 2 6 6 4 4
5 6 3 4 7 8 5 6
8 8 6 6 11 11 9 9
7 8 5 6 12 13 10 11
9 7 7 5 13 11 11 9
6 7 4 5 13 14 11 12
4 6 2 4 8 10 6 8
7 7 5 5 11 11 9 9
14 9 12 7 17 12 15 10
24 23 22 21 27 26 25 24
6 6 4 4 8 8 6 6
6 6 4 4 9 9 7 7
7 6 5 4 10 9 8 7
16 27 14 25 20 31 18 29
7 7 5 5 9 9 7 7
5 4 3 2 8 7 6 5
20 22 18 20 23 25 21 23
6 7 4 5 9 10 7 8
15 16 13 14 18 19 16 17
8 9 6 7 11 12 9 10
12 10 10 8 14 12 12 10
13 16 11 14 17 20 15 18
9 8 7 6 11 10 9 8
13 12 11 10 19 18 17 16
5 6 3 4 8 9 6 7
9 14 7 12 11 16 9 14
10 10 8 8 13 13 11 11
7 6 5 4 9 8 7 6
6 8 4 6 9 11 7 9
10 9 8 7 15 14 13 12
5 4 3 2 8 7 6 5
8 7 6 5 10 9 8 7
12 9 10 7 18 15 16 13
7 6 5 4 9 8 7 6
9 10 7 8 13 14 11 12
6 10 4 8 10 14 8 12
5 5 3 3 7 7 5 5
5 5 3 3 7 7 5 5
13 14 11 12 16 17 14 15
7 8 5 6 12 13 10 11
9 9 7 7 11 11 9 9
8 8 6 6 10 10 8 8
11 13 9 11 13 15 11 13
5 4 3 2 8 7 6 5
12 9 10 7 15 12 13 10
6 6 4 4 10 10 8 8
10 9 8 7 13 12 11 10
6 7 4 5 9 10 7 8
12 13 10 11 15 16 13 14
7 7 5 5 10 10 8 8
6 6 4 4 10 10 8 8
7 7 5 5 10 10 8 8
9 13 7 11 12 16 10 14
7 6 5 4 10 9 8 7
11 11 9 9 15 15 13 13
8 11 6 9 10 13 8 11
4 4 2 2 6 6 4 4
11 18 9 16 15 22 13 20
8 8 6 6 10 10 8 8
4 4 2 2 6 6 4 4
11 8 9 6 13 10 11 8
8 8 6 6 11 11 9 9
6 7 4 5 10 11 8 9
11 11 9 9 16 16 14 14
5 7 3 5 8 10 6 8
7 8 5 6 10 11 8 9
5 4 3 2 8 7 6 5
13 19 11 17 16 22 14 20
17 17 15 15 21 21 19 19
5 5 3 3 7 7 5 5
15 17 13 15 17 19 15 17
16 14 14 12 18 16 16 14
8 11 6 9 10 13 8 11
6 8 4 6 9 11 7 9
15 13 13 11 18 16 16 14
15 9 13 7 25 19 23 17
30 19 28 17 32 21 30 19
10 7 8 5 13 10 11 8
9 7 7 5 12 10 10 8
6 7 4 5 8 9 6 7
6 6 4 4 10 10 8 8
11 11 9 9 13 13 11 11
14 10 12 8 17 13 15 11
8 8 6 6 13 13 11 11
9 10 7 8 12 13 10 11
6 7 4 5 9 10 7 8
5 4 3 2 8 7 6 5
5 7 3 5 8 10 6 8
11 17 9 15 15 21 13 19
16 13 14 11 19 16 17 14
7 11 5 9 10 14 8 12
7 7 5 5 11 11 9 9
6 6 4 4 9 9 7 7
5 5 3 3 9 9 7 7
6 8 4 6 9 11 7 9
5 5 3 3 7 7 5 5
5 5 3 3 7 7 5 5
6 5 4 3 9 8 7 6
5 5 3 3 7 7 5 5
5 5 3 3 7 7 5 5
8 8 6 6 13 13 11 11
20 15 18 13 22 17 20 15
4 4 2 2 6 6 4 4
11 8 9 6 13 10 11 8
5 4 3 2 8 7 6 5
7 7 5 5 9 9 7 7
5 5 3 3 7 7 5 5
5 4 3 2 8 7 6 5
10 10 8 8 12 12 10 10
11 18 9 16 13 20 11 18
12 13 10 11 17 18 15 16
9 11 7 9 11 13 9 11
10 11 8 9 13 14 11 12
10 14 8 12 14 18 12 16
4 4 2 2 6 6 4 4
8 8 6 6 11 11 9 9
14 11 12 9 18 15 16 13
20 17 18 15 25 22 23 20
7 8 5 6 9 10 7 8
10 12 8 10 14 16 12 14
10 7 8 5 12 9 10 7
6 5 4 3 9 8 7 6
5 5 3 3 7 7 5 5
13 18 11 16 17 22 15 20
12 8 10 6 15 11 13 9
7 7 5 5 9 9 7 7
16 14 14 12 20 18 18 16
8 6 6 4 11 9 9 7
4 4 2 2 6 6 4 4
5 5 3 3 9 9 7 7
9 7 7 5 11 9 9 7
7 7 5 5 9 9 7 7
7 5 5 3 10 8 8 6
6 4 4 2 10 8 8 6
9 8 7 6 11 10 9 8
11 14 9 12 14 17 12 15
6 6 4 4 8 8 6 6
10 15 8 13 14 19 12 17
12 12 10 10 14 14 12 12
7 7 5 5 9 9 7 7
4 4 2 2 6 6 4 4
4 4 2 2 6 6 4 4
8 7 6 5 13 12 11 10
7 6 5 4 9 8 7 6
13 21 11 19 15 23 13 21
6 8 4 6 9 11 7 9
7 8 5 6 11 12 9 10
5 4 3 2 7 6 5 4
11 10 9 8 13 12 11 10
7 6 5 4 10 9 8 7
23 17 21 15 29 23 27 21
12 8 10 6 15 11 13 9
10 8 8 6 13 11 11 9
43 45 41 43 48 50 46 48
6 6 4 4 9 9 7 7
13 12 11 10 16 15 14 13
15 14 13 12 19 18 17 16
8 9 6 7 10 11 8 9
17 16 15 14 20 19 18 17
4 6 2 4 8 10 6 8
7 6 5 4 11 10 9 8
6 6 4 4 9 9 7 7
7 8 5 6 9 10 7 8
8 7 6 5 11 10 9 8
21 17 19 15 25 21 23 19
6 5 4 3 8 7 6 5
6 5 4 3 9 8 7 6
10 7 8 5 12 9 10 7
12 20 10 18 14 22 12 20
6 6 4 4 10 10 8 8
5 5 3 3 7 7 5 5
4 4 2 2 6 6 4 4
6 6 4 4 9 9 7 7
10 8 8 6 12 10 10 8
8 6 6 4 10 8 8 6
8 6 6 4 12 10 10 8
18 15 16 13 21 18 19 16
11 16 9 14 14 19 12 17
17 15 15 13 21 19 19 17
6 5 4 3 10 9 8 7
23 27 21 25 26 30 24 28
5 4 3 2 7 6 5 4
25 18 23 16 28 21 26 19
7 10 5 8 10 13 8 11
23 28 21 26 25 30 23 28
5 4 3 2 8 7 6 5
12 16 10 14 16 20 14 18
10 10 8 8 14 14 12 12
7 6 5 4 9 8 7 6
8 9 6 7 12 13 10 11
11 9 9 7 13 11 11 9
20 16 18 14 25 21 23 19
11 11 9 9 13 13 11 11
4 6 2 4 8 10 6 8
7 6 5 4 10 9 8 7
6 6 4 4 9 9 7 7
6 6 4 4 8 8 6 6
13 18 11 16 17 22 15 20
4 4 2 2 6 6 4 4
5 5 3 3 7 7 5 5
8 10 6 8 12 14 10 12
15 23 13 21 17 25 15 23
6 5 4 3 8 7 6 5
17 15 15 13 20 18 18 16
10 14 8 12 12 16 10 14
10 13 8 11 12 15 10 13
7 9 5 7 9 11 7 9
7 10 5 8 9 12 7 10
4 5 2 3 7 8 5 6
8 9 6 7 11 12 9 10
4 4 2 2 6 6 4 4
8 8 6 6 11 11 9 9
22 35 20 33 26 39 24 37
7 6 5 4 10 9 8 7
8 8 6 6 11 11 9 9
11 10 9 8 13 12 11 10
10 7 8 5 15 12 13 10
8 7 6 5 13 12 11 10
9 10 7 8 12 13 10 11
15 23 13 21 18 26 16 24
7 6 5 4 10 9 8 7
16 24 14 22 20 28 18 26
4 5 2 3 7 8 5 6
12 16 10 14 15 19 13 17
13 10 11 8 16 13 14 11
7 8 5 6 9 10 7 8
15 23 13 21 17 25 15 23
5 5 3 3 7 7 5 5
6 4 4 2 10 8 8 6
12 12 10 10 20 20 18 18
5 5 3 3 9 9 7 7
5 4 3 2 8 7 6 5
5 7 3 5 8 10 6 8
4 5 2 3 7 8 5 6
4 4 2 2 6 6 4 4
6 7 4 5 10 11 8 9
8 7 6 5 13 12 11 10
6 6 4 4 10 10 8 8
4 4 2 2 6 6 4 4
9 8 7 6 11 10 9 8
15 19 13 17 20 24 18 22
9 13 7 11 13 17 11 15
9 11 7 9 11 13 9 11
9 8 7 6 13 12 11 10
5 6 3 4 8 9 6 7
17 13 15 11 19 15 17 13
6 5 4 3 8 7 6 5
12 10 10 8 17 15 15 13
6 8 4 6 8 10 6 8
23 34 21 32 26 37 24 35
16 14 14 12 20 18 18 16
7 9 5 7 9 11 7 9
7 10 5 8 10 13 8 11
16 11 14 9 18 13 16 11
10 11 8 9 13 14 11 12
8 10 6 8 13 15 11 13
7 13 5 11 12 18 10 16
7 9 5 7 11 13 9 11
14 11 12 9 16 13 14 11
14 13 12 11 16 15 14 13
5 4 3 2 8 7 6 5
7 8 5 6 10 11 8 9
7 4 5 2 12 9 10 7
4 4 2 2 6 6 4 4
20 32 18 30 22 34 20 32
5 4 3 2 8 7 6 5
6 6 4 4 12 12 10 10
26 23 24 21 30 27 28 25
6 5 4 3 9 8 7 6
4 4 2 2 6 6 4 4
6 6 4 4 10 10 8 8
7 7 5 5 9 9 7 7
6 6 4 4 10 10 8 8
4 4 2 2 6 6 4 4
7 8 5 6 13 14 11 12
6 5 4 3 10 9 8 7
7 8 5 6 13 14 11 12
7 8 5 6 13 14 11 12
9 11 7 9 13 15 11 13
7 5 5 3 12 10 10 8
5 6 3 4 8 9 6 7
16 26 14 24 19 29 17 27
5 5 3 3 7 7 5 5
6 7 4 5 9 10 7 8
4 4 2 2 6 6 4 4
5 5 3 3 9 9 7 7
5 5 3 3 7 7 5 5
4 4 2 2 6 6 4 4
5 6 3 4 8 9 6 7
14 20 12 18 17 23 15 21
8 8 6 6 11 11 9 9
17 20 15 18 19 22 17 20
12 10 10 8 14 12 12 10
5 5 3 3 7 7 5 5
11 10 9 8 14 13 12 11
5 6 3 4 8 9 6 7
6 6 4 4 8 8 6 6
16 15 14 13 19 18 17 16
6 8 4 6 10 12 8 10
6 7 4 5 9 10 7 8
12 11 10 9 18 17 16 15
14 13 12 11 16 15 14 13
6 5 4 3 9 8 7 6
8 8 6 6 12 12 10 10
10 9 8 7 13 12 11 10
9 8 7 6 11 10 9 8
11 11 9 9 13 13 11 11
6 4 4 2 10 8 8 6
4 4 2 2 6 6 4 4
5 5 3 3 7 7 5 5
7 10 5 8 9 12 7 10
5 5 3 3 7 7 5 5
8 8 6 6 10 10 8 8
5 5 3 3 9 9 7 7
18 15 16 13 20 17 18 15
34 21 32 19 37 24 35 22
9 7 7 5 13 11 11 9
5 6 3 4 8 9 6 7
21 18 19 16 25 22 23 20
5 4 3 2 8 7 6 5
11 12 9 10 14 15 12 13
5 5 3 3 7 7 5 5
4 4 2 2 6 6 4 4
9 9 7 7 13 13 11 11
13 10 11 8 15 12 13 10
7 7 5 5 9 9 7 7
8 9 6 7 12 13 10 11
8 7 6 5 10 9 8 7
22 16 20 14 24 18 22 16
10 10 8 8 12 12 10 10
16 13 14 11 20 17 18 15
5 4 3 2 8 7 6 5
5 4 3 2 8 7 6 5
9 13 7 11 13 17 11 15
7 6 5 4 9 8 7 6
5 4 3 2 8 7 6 5
6 7 4 5 8 9 6 7
4 4 2 2 6 6 4 4
5 4 3 2 8 7 6 5
8 9 6 7 11 12 9 10
10 11 8 9 14 15 12 13
11 14 9 12 13 16 11 14
14 20 12 18 19 25 17 23
15 17 13 15 21 23 19 21
5 4 3 2 8 7 6 5
7 6 5 4 10 9 8 7
5 5 3 3 7 7 5 5
12 18 10 16 14 20 12 18
6 6 4 4 10 10 8 8
6 5 4 3 8 7 6 5
9 15 7 13 12 18 10 16
21 27 19 25 25 31 23 29
4 4 2 2 6 6 4 4
4 5 2 3 7 8 5 6
12 9 10 7 15 12 13 10
5 4 3 2 8 7 6 5
11 12 9 10 15 16 13 14
14 12 12 10 16 14 14 12
21 15 19 13 23 17 21 15
24 19 22 17 26 21 24 19
7 8 5 6 10 11 8 9
8 9 6 7 11 12 9 10
5 4 3 2 8 7 6 5
4 4 2 2 6 6 4 4
4 7 2 5 11 14 9 12
13 15 11 13 16 18 14 16
5 6 3 4 8 9 6 7
8 7 6 5 15 14 13 12
7 5 5 3 11 9 9 7
9 12 7 10 13 16 11 14
8 7 6 5 11 10 9 8
6 6 4 4 9 9 7 7
11 10 9 8 13 12 11 10
5 6 3 4 8 9 6 7
6 6 4 4 8 8 6 6
4 5 2 3 7 8 5 6
9 11 7 9 11 13 9 11
24 37 22 35 28 41 26 39
4 4 2 2 6 6 4 4
5 4 3 2 8 7 6 5
10 9 8 7 13 12 11 10
6 4 4 2 10 8 8 6
13 13 11 11 19 19 17 17
6 7 4 5 9 10 7 8
10 8 8 6 14 12 12 10
7 9 5 7 10 12 8 10
11 11 9 9 15 15 13 13
7 6 5 4 9 8 7 6
6 7 4 5 9 10 7 8
5 4 3 2 8 7 6 5
6 6 4 4 8 8 6 6
14 20 12 18 16 22 14 20
10 10 8 8 13 13 11 11
13 17 11 15 18 22 16 20
4 4 2 2 6 6 4 4
7 6 5 4 10 9 8 7
32 42 30 40 35 45 33 43
23 23 21 21 26 26 24 24
16 12 14 10 19 15 17 13
4 5 2 3 7 8 5 6
12 13 10 11 14 15 12 13
11 15 9 13 13 17 11 15
8 10 6 8 12 14 10 12
4 4 2 2 6 6 4 4
11 9 9 7 13 11 11 9
5 6 3 4 10 11 8 9
6 5 4 3 10 9 8 7
4 4 2 2 6 6 4 4
9 8 7 6 11 10 9 8
29 40 27 38 33 44 31 42
14 17 12 15 17 20 15 18
4 4 2 2 6 6 4 4
8 8 6 6 14 14 12 12
8 13 6 11 11 16 9 14
5 5 3 3 7 7 5 5
4 4 2 2 6 6 4 4
6 5 4 3 10 9 8 7
14 15 12 13 18 19 16 17
16 27 14 25 21 32 19 30
4 4 2 2 6 6 4 4
16 16 14 14 18 18 16 16
4 4 2 2 6 6 4 4
6 6 4 4 8 8 6 6
7 10 5 8 9 12 7 10
5 5 3 3 7 7 5 5
8 6 6 4 10 8 8 6
5 5 3 3 7 7 5 5
5 6 3 4 8 9 6 7
6 6 4 4 9 9 7 7
14 17 12 15 17 20 15 18
5 5 3 3 7 7 5 5
17 15 15 13 20 18 18 16
9 7 7 5 12 10 10 8
9 11 7 9 13 15 11 13
5 5 3 3 9 9 7 7
6 6 4 4 9 9 7 7
12 12 10 10 15 15 13 13
12 15 10 13 16 19 14 17
6 5 4 3 8 7 6 5
6 6 4 4 8 8 6 6
12 8 10 6 15 11 13 9
11 12 9 10 14 15 12 13
29 18 27 16 31 20 29 18
15 25 13 23 18 28 16 26
15 12 13 10 18 15 16 13
10 8 8 6 14 12 12 10
8 10 6 8 13 15 11 13
6 4 4 2 10 8 8 6
7 7 5 5 10 10 8 8
7 9 5 7 9 11 7 9
5 5 3 3 7 7 5 5
8 6 6 4 10 8 8 6
8 8 6 6 12 12 10 10
8 8 6 6 10 10 8 8
20 14 18 12 22 16 20 14
7 8 5 6 10 11 8 9
6 6 4 4 8 8 6 6
6 7 4 5 9 10 7 8
7 10 5 8 9 12 7 10
10 8 8 6 12 10 10 8
4 4 2 2 6 6 4 4
15 12 13 10 17 14 15 12
4 5 2 3 7 8 5 6
5 8 3 6 12 15 10 13
8 11 6 9 11 14 9 12
8 10 6 8 10 12 8 10
9 8 7 6 12 11 10 9
8 12 6 10 13 17 11 15
5 5 3 3 7 7 5 5
6 7 4 5 8 9 6 7
19 13 17 11 22 16 20 14
10 6 8 4 14 10 12 8
5 5 3 3 8 8 6 6
30 22 28 20 35 27 33 25
5 6 3 4 8 9 6 7
12 9 10 7 15 12 13 10
6 7 4 5 8 9 6 7
4 4 2 2 6 6 4 4
6 4 4 2 9 7 7 5
9 10 7 8 12 13 10 11
9 12 7 10 12 15 10 13
6 7 4 5 8 9 6 7
7 8 5 6 9 10 7 8
9 12 7 10 14 17 12 15
4 4 2 2 6 6 4 4
13 9 11 7 19 15 17 13
10 15 8 13 12 17 10 15
7 7 5 5 11 11 9 9
4 5 2 3 7 8 5 6
33 22 31 20 39 28 37 26
9 8 7 6 12 11 10 9
4 5 2 3 7 8 5 6
12 12 10 10 14 14 12 12
8 5 6 3 12 9 10 7
4 4 2 2 6 6 4 4
13 19 11 17 18 24 16 22
6 5 4 3 9 8 7 6
5 8 3 6 10 13 8 11
6 8 4 6 12 14 10 12
4 5 2 3 8 9 6 7
9 8 7 6 11 10 9 8
40 27 38 25 44 31 42 29
6 8 4 6 8 10 6 8
7 9 5 7 9 11 7 9
10 7 8 5 12 9 10 7
6 5 4 3 9 8 7 6
8 6 6 4 10 8 8 6
6 7 4 5 9 10 7 8
5 5 3 3 9 9 7 7
6 8 4 6 8 10 6 8
5 6 3 4 8 9 6 7
6 7 4 5 9 10 7 8
13 10 11 8 15 12 13 10
8 8 6 6 11 11 9 9
9 11 7 9 13 15 11 13
5 5 3 3 9 9 7 7
11 8 9 6 14 11 12 9
6 5 4 3 11 10 9 8
7 8 5 6 11 12 9 10
7 6 5 4 10 9 8 7
18 25 16 23 21 28 19 26
20 25 18 23 25 30 23 28
5 6 3 4 7 8 5 6
4 5 2 3 7 8 5 6
10 8 8 6 12 10 10 8
5 4 3 2 8 7 6 5
4 4 2 2 6 6 4 4
4 5 2 3 7 8 5 6
6 5 4 3 11 10 9 8
4 6 2 4 8 10 6 8
8 7 6 5 10 9 8 7
6 6 4 4 9 9 7 7
20 22 18 20 22 24 20 22
12 11 10 9 14 13 12 11
9 10 7 8 14 15 12 13
25 22 23 20 31 28 29 26
7 9 5 7 11 13 9 11
8 8 6 6 13 13 11 11
6 6 4 4 9 9 7 7
10 8 8 6 14 12 12 10
7 7 5 5 10 10 8 8
7 10 5 8 12 15 10 13
6 5 4 3 8 7 6 5
5 6 3 4 7 8 5 6
7 5 5 3 10 8 8 6
8 7 6 5 10 9 8 7
11 14 9 12 14 17 12 15
5 8 3 6 10 13 8 11
10 14 8 12 14 18 12 16
6 5 4 3 9 8 7 6
15 21 13 19 17 23 15 21
4 4 2 2 6 6 4 4
9 10 7 8 14 15 12 13
17 25 15 23 19 27 17 25
12 12 10 10 17 17 15 15
5 6 3 4 8 9 6 7
7 6 5 4 10 9 8 7
5 5 3 3 7 7 5 5
5 6 3 4 8 9 6 7
6 8 4 6 10 12 8 10
11 16 9 14 15 20 13 18
5 6 3 4 8 9 6 7
10 8 8 6 12 10 10 8
10 10 8 8 14 14 12 12
12 14 10 12 16 18 14 16
9 14 7 12 11 16 9 14
7 7 5 5 10 10 8 8
11 9 9 7 16 14 14 12
8 6 6 4 10 8 8 6
4 4 2 2 6 6 4 4
5 4 3 2 8 7 6 5
5 6 3 4 7 8 5 6
7 6 5 4 10 9 8 7
4 4 2 2 6 6 4 4
7 8 5 6 10 11 8 9
8 10 6 8 10 12 8 10
8 7 6 5 10 9 8 7
6 7 4 5 11 12 9 10
6 6 4 4 11 11 9 9
5 5 3 3 9 9 7 7
24 17 22 15 31 24 29 22
18 18 16 16 22 22 20 20
6 7 4 5 9 10 7 8
5 5 3 3 7 7 5 5
12 8 10 6 15 11 13 9
8 6 6 4 12 10 10 8
5 5 3 3 9 9 7 7
4 6 2 4 8 10 6 8
4 5 2 3 7 8 5 6
10 12 8 10 15 17 13 15
4 4 2 2 6 6 4 4
16 12 14 10 18 14 16 12
15 13 13 11 17 15 15 13
12 12 10 10 15 15 13 13
6 6 4 4 10 10 8 8
17 23 15 21 20 26 18 24
7 7 5 5 9 9 7 7
8 9 6 7 14 15 12 13
5 6 3 4 8 9 6 7
10 9 8 7 13 12 11 10
5 4 3 2 8 7 6 5
8 8 6 6 11 11 9 9
14 18 12 16 17 21 15 19
7 6 5 4 10 9 8 7
14 14 12 12 18 18 16 16
4 6 2 4 8 10 6 8
5 9 3 7 11 15 9 13
4 4 2 2 6 6 4 4
5 5 3 3 7 7 5 5
6 7 4 5 11 12 9 10
9 8 7 6 11 10 9 8
10 8 8 6 15 13 13 11
8 10 6 8 10 12 8 10
26 27 24 25 29 30 27 28
15 19 13 17 18 22 16 20
6 5 4 3 9 8 7 6
7 6 5 4 9 8 7 6
12 10 10 8 17 15 15 13
12 15 10 13 15 18 13 16
6 8 4 6 9 11 7 9
4 6 2 4 8 10 6 8
5 7 3 5 9 11 7 9
12 18 10 16 14 20 12 18
6 7 4 5 9 10 7 8
9 8 7 6 13 12 11 10
9 9 7 7 13 13 11 11
18 15 16 13 22 19 20 17
8 10 6 8 11 13 9 11
10 18 8 16 15 23 13 21
15 18 13 16 17 20 15 18
6 5 4 3 8 7 6 5
10 13 8 11 13 16 11 14
8 9 6 7 11 12 9 10
7 7 5 5 9 9 7 7
12 11 10 9 16 15 14 13
34 27 32 25 36 29 34 27
4 4 2 2 6 6 4 4
26 31 24 29 30 35 28 33
4 5 2 3 6 7 4 5
10 12 8 10 12 14 10 12
7 10 5 8 10 13 8 11
4 4 2 2 6 6 4 4
4 5 2 3 7 8 5 6
6 5 4 3 8 7 6 5
6 6 4 4 8 8 6 6
14 17 12 15 18 21 16 19
8 7 6 5 11 10 9 8
12 11 10 9 15 14 13 12
5 6 3 4 7 8 5 6
4 4 2 2 6 6 4 4
12 9 10 7 15 12 13 10
4 4 2 2 6 6 4 4
5 5 3 3 7 7 5 5
6 8 4 6 8 10 6 8
5 5 3 3 7 7 5 5
19 23 17 21 25 29 23 27
8 9 6 7 11 12 9 10
14 11 12 9 17 14 15 12
5 5 3 3 7 7 5 5
9 8 7 6 11 10 9 8
6 5 4 3 9 8 7 6
12 13 10 11 16 17 14 15
6 7 4 5 8 9 6 7
4 4 2 2 6 6 4 4
10 6 8 4 15 11 13 9
12 9 10 7 14 11 12 9
6 7 4 5 8 9 6 7
14 12 12 10 18 16 16 14
11 8 9 6 13 10 11 8
4 4 2 2 6 6 4 4
5 5 3 3 7 7 5 5
12 15 10 13 15 18 13 16
6 6 4 4 10 10 8 8
6 7 4 5 9 10 7 8
4 4 2 2 6 6 4 4
11 10 9 8 14 13 12 11
19 18 17 16 23 22 21 20
4 6 2 4 7 9 5 7
9 10 7 8 12 13 10 11
16 15 14 13 20 19 18 17
40 71 38 69 44 75 42 73
8 8 6 6 12 12 10 10
6 10 4 8 9 13 7 11
20 19 18 17 23 22 21 20
16 10 14 8 18 12 16 10
4 5 2 3 7 8 5 6
12 18 10 16 16 22 14 20
13 17 11 15 17 21 15 19
11 15 9 13 15 19 13 17
6 6 4 4 9 9 7 7
7 7 5 5 9 9 7 7
5 4 3 2 7 6 5 4
10 10 8 8 12 12 10 10
5 6 3 4 10 11 8 9
6 4 4 2 10 8 8 6
6 4 4 2 10 8 8 6
20 16 18 14 23 19 21 17
8 9 6 7 11 12 9 10
5 6 3 4 8 9 6 7
7 9 5 7 9 11 7 9
18 27 16 25 21 30 19 28
4 4 2 2 6 6 4 4
4 4 2 2 6 6 4 4
5 4 3 2 8 7 6 5
7 10 5 8 10 13 8 11
22 13 20 11 25 16 23 14
5 5 3 3 7 7 5 5
24 25 22 23 29 30 27 28
20 36 18 34 26 42 24 40
18 14 16 12 20 16 18 14
8 5 6 3 11 8 9 6
13 15 11 13 18 20 16 18
29 35 27 33 31 37 29 35
8 8 6 6 10 10 8 8
5 4 3 2 8 7 6 5
8 10 6 8 12 14 10 12
14 11 12 9 16 13 14 11
8 8 6 6 10 10 8 8
6 6 4 4 8 8 6 6
6 6 4 4 8 8 6 6
10 14 8 12 16 20 14 18
6 8 4 6 10 12 8 10
11 9 9 7 15 13 13 11
9 8 7 6 12 11 10 9
6 6 4 4 9 9 7 7
11 9 9 7 15 13 13 11
7 7 5 5 10 10 8 8
4 4 2 2 6 6 4 4
6 7 4 5 10 11 8 9
7 7 5 5 11 11 9 9
4 5 2 3 7 8 5 6
5 4 3 2 8 7 6 5
5 6 3 4 8 9 6 7
6 7 4 5 9 10 7 8
6 5 4 3 9 8 7 6
4 5 2 3 7 8 5 6
6 6 4 4 10 10 8 8
9 9 7 7 15 15 13 13
13 18 11 16 16 21 14 19
8 6 6 4 10 8 8 6
5 5 3 3 7 7 5 5
6 6 4 4 10 10 8 8
7 9 5 7 12 14 10 12
6 5 4 3 9 8 7 6
18 24 16 22 22 28 20 26
8 8 6 6 11 11 9 9
4 4 2 2 6 6 4 4
6 5 4 3 8 7 6 5
4 4 2 2 6 6 4 4
6 6 4 4 10 10 8 8
5 6 3 4 10 11 8 9
18 14 16 12 20 16 18 14
9 10 7 8 11 12 9 10
5 6 3 4 8 9 6 7
14 13 12 11 20 19 18 17
5 4 3 2 8 7 6 5
12 16 10 14 15 19 13 17
7 8 5 6 9 10 7 8
7 10 5 8 9 12 7 10
5 5 3 3 9 9 7 7
4 4 2 2 6 6 4 4
4 4 2 2 6 6 4 4
6 4 4 2 10 8 8 6
12 15 10 13 16 19 14 17
9 13 7 11 11 15 9 13
7 7 5 5 9 9 7 7
5 6 3 4 7 8 5 6
21 20 19 18 23 22 21 20
12 14 10 12 14 16 12 14
11 9 9 7 13 11 11 9
6 5 4 3 8 7 6 5
15 10 13 8 18 13 16 11
5 5 3 3 7 7 5 5
29 20 27 18 32 23 30 21
16 23 14 21 18 25 16 23
6 7 4 5 9 10 7 8
5 6 3 4 8 9 6 7
6 6 4 4 8 8 6 6
7 7 5 5 11 11 9 9
4 5 2 3 6 7 4 5
7 6 5 4 10 9 8 7
12 8 10 6 15 11 13 9
7 6 5 4 10 9 8 7
7 6 5 4 10 9 8 7
5 5 3 3 7 7 5 5
8 12 6 10 11 15 9 13
11 16 9 14 13 18 11 16
9 8 7 6 12 11 10 9
8 7 6 5 11 10 9 8
5 5 3 3 7 7 5 5
14 20 12 18 16 22 14 20
13 17 11 15 16 20 14 18
10 14 8 12 14 18 12 16
11 12 9 10 14 15 12 13
6 7 4 5 10 11 8 9
14 20 12 18 17 23 15 21
7 5 5 3 11 9 9 7
13 8 11 6 17 12 15 10
13 10 11 8 16 13 14 11
22 17 20 15 24 19 22 17
7 7 5 5 9 9 7 7
5 5 3 3 9 9 7 7
4 4 2 2 6 6 4 4
18 14 16 12 20 16 18 14
4 4 2 2 6 6 4 4
6 6 4 4 10 10 8 8
26 22 24 20 28 24 26 22
12 9 10 7 15 12 13 10
8 7 6 5 11 10 9 8
4 4 2 2 6 6 4 4
10 19 8 17 18 27 16 25
9 10 7 8 11 12 9 10
10 9 8 7 13 12 11 10
4 4 2 2 6 6 4 4
8 8 6 6 12 12 10 10
9 8 7 6 11 10 9 8
8 11 6 9 10 13 8 11
5 5 3 3 7 7 5 5
13 13 11 11 17 17 15 15
15 10 13 8 18 13 16 11
19 31 17 29 23 35 21 33
5 4 3 2 8 7 6 5
19 17 17 15 21 19 19 17
9 9 7 7 12 12 10 10
9 9 7 7 12 12 10 10
5 4 3 2 8 7 6 5
18 21 16 19 20 23 18 21
10 10 8 8 12 12 10 10
4 5 2 3 7 8 5 6
6 5 4 3 9 8 7 6
11 13 9 11 14 16 12 14
17 25 15 23 20 28 18 26
21 18 19 16 26 23 24 21
8 6 6 4 14 12 12 10
8 7 6 5 12 11 10 9
7 7 5 5 11 11 9 9
4 4 2 2 6 6 4 4
4 4 2 2 6 6 4 4
5 5 3 3 7 7 5 5
6 5 4 3 9 8 7 6
13 12 11 10 16 15 14 13
4 5 2 3 7 8 5 6
8 9 6 7 11 12 9 10
4 5 2 3 7 8 5 6
5 6 3 4 8 9 6 7
7 9 5 7 9 11 7 9
6 6 4 4 10 10 8 8
4 5 2 3 7 8 5 6
5 4 3 2 8 7 6 5
36 26 34 24 39 29 37 27
10 13 8 11 14 17 12 15
7 6 5 4 12 11 10 9
13 17 11 15 17 21 15 19
5 4 3 2 8 7 6 5
10 14 8 12 12 16 10 14
22 15 20 13 25 18 23 16
10 14 8 12 13 17 11 15
6 5 4 3 8 7 6 5
6 5 4 3 8 7 6 5
4 6 2 4 7 9 5 7
22 35 20 33 27 40 25 38
6 5 4 3 8 7 6 5
6 6 4 4 8 8 6 6
11 17 9 15 14 20 12 18
11 7 9 5 14 10 12 8
7 8 5 6 10 11 8 9
6 5 4 3 9 8 7 6
6 5 4 3 9 8 7 6
7 10 5 8 9 12 7 10
29 50 27 48 31 52 29 50
10 13 8 11 13 16 11 14
12 16 10 14 15 19 13 17
4 4 2 2 6 6 4 4
12 9 10 7 14 11 12 9
4 4 2 2 6 6 4 4
5 5 3 3 7 7 5 5
6 6 4 4 8 8 6 6
10 10 8 8 12 12 10 10
7 8 5 6 9 10 7 8
5 5 3 3 9 9 7 7
8 6 6 4 14 12 12 10
27 21 25 19 29 23 27 21
12 11 10 9 15 14 13 12
10 9 8 7 13 12 11 10
5 6 3 4 8 9 6 7
6 6 4 4 9 9 7 7
6 4 4 2 10 8 8 6
8 7 6 5 11 10 9 8
4 4 2 2 6 6 4 4
4 4 2 2 6 6 4 4
9 8 7 6 12 11 10 9
8 9 6 7 10 11 8 9
7 7 5 5 10 10 8 8
24 33 22 31 26 35 24 33
13 10 11 8 16 13 14 11
9 12 7 10 11 14 9 12
26 27 24 25 28 29 26 27
7 10 5 8 9 12 7 10
10 8 8 6 12 10 10 8
5 6 3 4 8 9 6 7
4 5 2 3 7 8 5 6
4 5 2 3 7 8 5 6
13 12 11 10 17 16 15 14
5 5 3 3 7 7 5 5
7 9 5 7 11 13 9 11
7 9 5 7 9 11 7 9
26 43 24 41 29 46 27 44
7 6 5 4 12 11 10 9
11 13 9 11 14 16 12 14
5 6 3 4 7 8 5 6
38 27 36 25 41 30 39 28
8 7 6 5 11 10 9 8
10 10 8 8 14 14 12 12
11 11 9 9 13 13 11 11
10 8 8 6 12 10 10 8
15 15 13 13 17 17 15 15
4 4 2 2 6 6 4 4
6 8 4 6 8 10 6 8
5 5 3 3 7 7 5 5
9 15 7 13 12 18 10 16
6 8 4 6 9 11 7 9
6 5 4 3 10 9 8 7
21 19 19 17 25 23 23 21
5 4 3 2 7 6 5 4
5 6 3 4 8 9 6 7
7 7 5 5 10 10 8 8
4 5 2 3 7 8 5 6
7 5 5 3 11 9 9 7
4 4 2 2 6 6 4 4
6 5 4 3 9 8 7 6
4 4 2 2 6 6 4 4
18 27 16 25 24 33 22 31
7 6 5 4 10 9 8 7
8 9 6 7 10 11 8 9
19 15 17 13 21 17 19 15
8 8 6 6 11 11 9 9
5 6 3 4 8 9 6 7
19 22 17 20 23 26 21 24
13 9 11 7 23 19 21 17
8 7 6 5 11 10 9 8
7 7 5 5 10 10 8 8
6 7 4 5 9 10 7 8
4 4 2 2 6 6 4 4
9 10 7 8 11 12 9 10
4 4 2 2 6 6 4 4
4 5 2 3 7 8 5 6
14 15 12 13 17 18 15 16
10 11 8 9 15 16 13 14
23 13 21 11 32 22 30 20
10 9 8 7 14 13 12 11
16 21 14 19 20 25 18 23
9 11 7 9 12 14 10 12
7 6 5 4 10 9 8 7
16 18 14 16 18 20 16 18
6 5 4 3 8 7 6 5
9 12 7 10 12 15 10 13
13 10 11 8 18 15 16 13
6 5 4 3 8 7 6 5
6 5 4 3 8 7 6 5
5 5 3 3 7 7 5 5
13 16 11 14 17 20 15 18
11 16 9 14 14 19 12 17
5 6 3 4 7 8 5 6
7 11 5 9 10 14 8 12
4 4 2 2 6 6 4 4
4 4 2 2 6 6 4 4
8 4 6 2 13 9 11 7
9 8 7 6 12 11 10 9
9 9 7 7 12 12 10 10
8 7 6 5 11 10 9 8
5 4 3 2 8 7 6 5
7 10 5 8 9 12 7 10
4 5 2 3 7 8 5 6
6 7 4 5 8 9 6 7
8 10 6 8 11 13 9 11
4 4 2 2 6 6 4 4
5 7 3 5 8 10 6 8
26 30 24 28 28 32 26 30
9 11 7 9 11 13 9 11
9 12 7 10 11 14 9 12
5 6 3 4 7 8 5 6
5 4 3 2 8 7 6 5
8 9 6 7 11 12 9 10
40 38 38 36 43 41 41 39
4 4 2 2 6 6 4 4
10 13 8 11 13 16 11 14
6 6 4 4 9 9 7 7
8 6 6 4 10 8 8 6
13 20 11 18 15 22 13 20
5 5 3 3 7 7 5 5
8 8 6 6 10 10 8 8
7 9 5 7 11 13 9 11
4 4 2 2 6 6 4 4
4 4 2 2 6 6 4 4
11 11 9 9 13 13 11 11
9 10 7 8 12 13 10 11
8 7 6 5 12 11 10 9
4 4 2 2 6 6 4 4
5 6 3 4 8 9 6 7
6 7 4 5 9 10 7 8
12 13 10 11 16 17 14 15
16 18 14 16 18 20 16 18
8 7 6 5 11 10 9 8
36 24 34 22 39 27 37 25
4 4 2 2 6 6 4 4
6 7 4 5 9 10 7 8
4 4 2 2 6 6 4 4
7 7 5 5 13 13 11 11
7 8 5 6 11 12 9 10
7 8 5 6 10 11 8 9
19 11 17 9 23 15 21 13
8 9 6 7 11 12 9 10
5 4 3 2 8 7 6 5
6 10 4 8 10 14 8 12
17 13 15 11 19 15 17 13
4 5 2 3 7 8 5 6
12 10 10 8 14 12 12 10
4 4 2 2 6 6 4 4
5 5 3 3 10 10 8 8
4 5 2 3 7 8 5 6
7 7 5 5 9 9 7 7
8 9 6 7 10 11 8 9
9 6 7 4 13 10 11 8
5 5 3 3 7 7 5 5
10 14 8 12 12 16 10 14
13 11 11 9 18 16 16 14
4 4 2 2 6 6 4 4
6 6 4 4 9 9 7 7
11 9 9 7 14 12 12 10
4 4 2 2 6 6 4 4
9 8 7 6 11 10 9 8
20 14 18 12 22 16 20 14
6 5 4 3 8 7 6 5
6 6 4 4 10 10 8 8
4 4 2 2 6 6 4 4
6 6 4 4 8 8 6 6
8 7 6 5 10 9 8 7
9 8 7 6 12 11 10 9
6 6 4 4 12 12 10 10
6 5 4 3 9 8 7 6
6 7 4 5 9 10 7 8
5 4 3 2 8 7 6 5
11 10 9 8 14 13 12 11
5 5 3 3 7 7 5 5
9 10 7 8 12 13 10 11
5 5 3 3 7 7 5 5
5 4 3 2 8 7 6 5
7 7 5 5 9 9 7 7
8 6 6 4 10 8 8 6
7 5 5 3 10 8 8 6
6 7 4 5 10 11 8 9
8 6 6 4 13 11 11 9
18 29 16 27 21 32 19 30
6 5 4 3 9 8 7 6
10 12 8 10 13 15 11 13
11 8 9 6 15 12 13 10
4 4 2 2 6 6 4 4
5 4 3 2 8 7 6 5
9 8 7 6 11 10 9 8
7 7 5 5 9 9 7 7
5 5 3 3 9 9 7 7
5 6 3 4 8 9 6 7
5 5 3 3 9 9 7 7
4 5 2 3 7 8 5 6
4 4 2 2 6 6 4 4
6 5 4 3 9 8 7 6
5 4 3 2 8 7 6 5
4 5 2 3 7 8 5 6
4 4 2 2 6 6 4 4
11 10 9 8 14 13 12 11
7 8 5 6 12 13 10 11
4 4 2 2 6 6 4 4
5 5 3 3 7 7 5 5
6 6 4 4 8 8 6 6
5 5 3 3 7 7 5 5
6 6 4 4 10 10 8 8
9 7 7 5 11 9 9 7
9 7 7 5 15 13 13 11
6 5 4 3 9 8 7 6
4 5 2 3 7 8 5 6
20 15 18 13 23 18 21 16
6 6 4 4 9 9 7 7
6 5 4 3 11 10 9 8
6 5 4 3 8 7 6 5
8 8 6 6 11 11 9 9
30 41 28 39 32 43 30 41
7 8 5 6 11 12 9 10
9 8 7 6 12 11 10 9
15 16 13 14 18 19 16 17
12 14 10 12 14 16 12 14
7 8 5 6 13 14 11 12
5 4 3 2 8 7 6 5
18 13 16 11 22 17 20 15
5 5 3 3 7 7 5 5
4 4 2 2 6 6 4 4
10 9 8 7 13 12 11 10
16 24 14 22 19 27 17 25
16 9 14 7 22 15 20 13
7 7 5 5 10 10 8 8
14 11 12 9 17 14 15 12
6 7 4 5 8 9 6 7
10 10 8 8 16 16 14 14
10 9 8 7 13 12 11 10
12 18 10 16 15 21 13 19
9 8 7 6 12 11 10 9
6 5 4 3 11 10 9 8
9 9 7 7 13 13 11 11
12 11 10 9 14 13 12 11
6 6 4 4 10 10 8 8
5 6 3 4 8 9 6 7
12 11 10 9 15 14 13 12
5 5 3 3 9 9 7 7
46 33 44 31 50 37 48 35
5 5 3 3 7 7 5 5
8 7 6 5 12 11 10 9
32 50 30 48 34 52 32 50
6 7 4 5 9 10 7 8
7 9 5 7 11 13 9 11
8 9 6 7 11 12 9 10
7 7 5 5 9 9 7 7
9 12 7 10 12 15 10 13
5 6 3 4 9 10 7 8
9 9 7 7 13 13 11 11
9 9 7 7 11 11 9 9
19 23 17 21 25 29 23 27
20 16 18 14 23 19 21 17
8 8 6 6 12 12 10 10
11 12 9 10 14 15 12 13
5 6 3 4 8 9 6 7
34 24 32 22 37 27 35 25
31 23 29 21 36 28 34 26
14 13 12 11 17 16 15 14
6 7 4 5 9 10 7 8
25 24 23 22 28 27 26 25
27 20 25 18 31 24 29 22
15 13 13 11 20 18 18 16
21 23 19 21 23 25 21 23
52 35 50 33 54 37 52 35
10 8 8 6 14 12 12 10
16 14 14 12 19 17 17 15
6 6 4 4 10 10 8 8
5 5 3 3 7 7 5 5
8 10 6 8 11 13 9 11
6 7 4 5 11 12 9 10
6 5 4 3 9 8 7 6
16 12 14 10 18 14 16 12
4 4 2 2 6 6 4 4
10 10 8 8 14 14 12 12
7 8 5 6 10 11 8 9
6 6 4 4 10 10 8 8
12 16 10 14 15 19 13 17
5 4 3 2 8 7 6 5
9 7 7 5 15 13 13 11
9 9 7 7 11 11 9 9
6 9 4 7 13 16 11 14
6 5 4 3 9 8 7 6
10 9 8 7 13 12 11 10
4 5 2 3 7 8 5 6
22 28 20 26 26 32 24 30
9 8 7 6 11 10 9 8
5 7 3 5 9 11 7 9
17 15 15 13 19 17 17 15
6 5 4 3 9 8 7 6
10 12 8 10 14 16 12 14
16 10 14 8 20 14 18 12
5 4 3 2 8 7 6 5
13 11 11 9 16 14 14 12
13 13 11 11 17 17 15 15
5 5 3 3 9 9 7 7
11 8 9 6 13 10 11 8
29 44 27 42 31 46 29 44
44 44 42 42 46 46 44 44
7 7 5 5 9 9 7 7
13 13 11 11 17 17 15 15
7 7 5 5 9 9 7 7
