original_content variant_content original_content_hudson variant_content_hudson original_function variant_function original_function_hudson variant_function_hudson
10 24 8 22 5 19 3 17
10 13 8 11 5 8 3 6
12 37 10 35 6 31 4 29
12 13 10 11 9 10 7 8
11 13 9 11 5 7 3 5
8 8 6 6 5 5 3 3
11 11 9 9 7 7 5 5
35 38 33 36 31 34 29 32
14 15 12 13 9 10 7 8
13 30 11 28 10 27 8 25
25 13 23 11 20 8 18 6
9 13 7 11 5 9 3 7
11 11 9 9 8 8 6 6
30 24 28 22 26 20 24 18
11 22 9 20 7 18 5 16
26 18 24 16 19 11 17 9
7 11 5 9 4 8 2 6
6 7 4 5 4 5 2 3
11 11 9 9 7 7 5 5
6 6 4 4 4 4 2 2
9 9 7 7 5 5 3 3
29 59 27 57 20 50 18 48
12 10 10 8 7 5 5 3
13 18 11 16 9 14 7 12
12 14 10 12 9 11 7 9
9 9 7 7 5 5 3 3
27 28 25 26 19 20 17 18
10 14 8 12 5 9 3 7
25 23 23 21 22 20 20 18
16 12 14 10 13 9 11 7
10 19 8 17 6 15 4 13
29 18 27 16 23 12 21 10
23 23 21 21 15 15 13 13
33 45 31 43 30 42 28 40
10 25 8 23 6 21 4 19
15 41 13 39 10 36 8 34
6 6 4 4 4 4 2 2
17 34 15 32 10 27 8 25
12 12 10 10 8 8 6 6
19 37 17 35 15 33 13 31
11 15 9 13 7 11 5 9
15 31 13 29 12 28 10 26
13 47 11 45 8 42 6 40
13 11 11 9 7 5 5 3
9 14 7 12 5 10 3 8
16 20 14 18 12 16 10 14
19 9 17 7 15 5 13 3
15 10 13 8 11 6 9 4
14 13 12 11 10 9 8 7
12 17 10 15 7 12 5 10
9 9 7 7 5 5 3 3
9 9 7 7 5 5 3 3
10 11 8 9 7 8 5 6
11 16 9 14 7 12 5 10
12 29 10 27 7 24 5 22
45 49 43 47 37 41 35 39
11 16 9 14 8 13 6 11
9 44 7 42 4 39 2 37
10 10 8 8 6 6 4 4
12 33 10 31 8 29 6 27
12 14 10 12 8 10 6 8
8 14 6 12 5 11 3 9
11 19 9 17 9 17 7 15
23 40 21 38 16 33 14 31
8 9 6 7 5 6 3 4
15 24 13 22 8 17 6 15
12 12 10 10 8 8 6 6
19 22 17 20 9 12 7 10
22 59 20 57 15 52 13 50
16 12 14 10 12 8 10 6
30 28 28 26 27 25 25 23
13 10 11 8 10 7 8 5
11 18 9 16 7 14 5 12
7 15 5 13 4 12 2 10
12 23 10 21 6 17 4 15
10 12 8 10 6 8 4 6
9 11 7 9 5 7 3 5
15 16 13 14 11 12 9 10
8 7 6 5 5 4 3 2
9 22 7 20 5 18 3 16
11 14 9 12 8 11 6 9
15 22 13 20 12 19 10 17
10 9 8 7 6 5 4 3
17 20 15 18 13 16 11 14
13 16 11 14 8 11 6 9
11 13 9 11 5 7 3 5
10 13 8 11 7 10 5 8
20 21 18 19 14 15 12 13
23 35 21 33 21 33 19 31
10 8 8 6 7 5 5 3
18 22 16 20 12 16 10 14
15 16 13 14 12 13 10 11
15 45 13 43 13 43 11 41
16 18 14 16 11 13 9 11
24 37 22 35 21 34 19 32
13 24 11 22 9 20 7 18
9 12 7 10 5 8 3 6
14 16 12 14 10 12 8 10
10 8 8 6 7 5 5 3
8 10 6 8 4 6 2 4
21 10 19 8 15 4 13 2
18 19 16 17 14 15 12 13
9 14 7 12 5 10 3 8
10 16 8 14 7 13 5 11
22 22 20 20 18 18 16 16
24 28 22 26 21 25 19 23
9 9 7 7 5 5 3 3
27 29 25 27 21 23 19 21
11 9 9 7 8 6 6 4
41 51 39 49 36 46 34 44
15 15 13 13 8 8 6 6
22 51 20 49 18 47 16 45
9 10 7 8 5 6 3 4
14 15 12 13 8 9 6 7
9 26 7 24 5 22 3 20
13 22 11 20 6 15 4 13
15 15 13 13 8 8 6 6
14 9 12 7 10 5 8 3
15 34 13 32 11 30 9 28
10 9 8 7 6 5 4 3
11 11 9 9 6 6 4 4
12 20 10 18 7 15 5 13
12 47 10 45 9 44 7 42
14 37 12 35 8 31 6 29
11 17 9 15 8 14 6 12
30 35 28 33 27 32 25 30
6 6 4 4 4 4 2 2
11 13 9 11 5 7 3 5
18 14 16 12 15 11 13 9
15 10 13 8 10 5 8 3
18 19 16 17 14 15 12 13
15 20 13 18 5 10 3 8
14 13 12 11 7 6 5 4
15 15 13 13 7 7 5 5
11 16 9 14 7 12 5 10
23 20 21 18 19 16 17 14
31 24 29 22 27 20 25 18
11 11 9 9 7 7 5 5
7 50 5 48 4 47 2 45
14 41 12 39 9 36 7 34
12 15 10 13 6 9 4 7
16 23 14 21 12 19 10 17
20 25 18 23 9 14 7 12
11 14 9 12 7 10 5 8
15 18 13 16 7 10 5 8
14 27 12 25 10 23 8 21
21 19 19 17 15 13 13 11
11 15 9 13 7 11 5 9
8 10 6 8 6 8 4 6
11 35 9 33 7 31 5 29
13 11 11 9 9 7 7 5
11 13 9 11 6 8 4 6
9 12 7 10 5 8 3 6
12 9 10 7 7 4 5 2
8 8 6 6 5 5 3 3
7 8 5 6 4 5 2 3
12 30 10 28 8 26 6 24
14 24 12 22 9 19 7 17
9 12 7 10 5 8 3 6
12 11 10 9 9 8 7 6
7 12 5 10 4 9 2 7
21 30 19 28 16 25 14 23
39 31 37 29 35 27 33 25
12 9 10 7 8 5 6 3
9 15 7 13 5 11 3 9
16 11 14 9 13 8 11 6
18 11 16 9 15 8 13 6
9 15 7 13 6 12 4 10
11 12 9 10 7 8 5 6
8 12 6 10 5 9 3 7
9 17 7 15 5 13 3 11
11 14 9 12 6 9 4 7
7 6 5 4 5 4 3 2
10 14 8 12 6 10 4 8
27 27 25 25 22 22 20 20
13 16 11 14 5 8 3 6
15 13 13 11 9 7 7 5
13 14 11 12 7 8 5 6
27 27 25 25 23 23 21 21
7 47 5 45 4 44 2 42
9 12 7 10 5 8 3 6
12 14 10 12 8 10 6 8
9 10 7 8 5 6 3 4
11 16 9 14 9 14 7 12
13 22 11 20 7 16 5 14
27 27 25 25 19 19 17 17
12 20 10 18 8 16 6 14
9 13 7 11 5 9 3 7
18 9 16 7 14 5 12 3
14 59 12 57 10 55 8 53
11 18 9 16 6 13 4 11
30 33 28 31 23 26 21 24
11 12 9 10 9 10 7 8
12 9 10 7 7 4 5 2
18 42 16 40 9 33 7 31
15 14 13 12 8 7 6 5
11 13 9 11 8 10 6 8
17 18 15 16 14 15 12 13
17 19 15 17 9 11 7 9
23 18 21 16 15 10 13 8
42 42 40 40 35 35 33 33
17 32 15 30 12 27 10 25
11 28 9 26 7 24 5 22
11 9 9 7 8 6 6 4
36 33 34 31 29 26 27 24
7 6 5 4 5 4 3 2
53 53 51 51 49 49 47 47
12 19 10 17 8 15 6 13
27 20 25 18 20 13 18 11
24 31 22 29 13 20 11 18
35 31 33 29 25 21 23 19
9 9 7 7 5 5 3 3
11 13 9 11 5 7 3 5
34 41 32 39 31 38 29 36
24 25 22 23 21 22 19 20
22 25 20 23 18 21 16 19
44 45 42 43 39 40 37 38
8 9 6 7 5 6 3 4
11 11 9 9 7 7 5 5
11 13 9 11 5 7 3 5
25 17 23 15 20 12 18 10
9 12 7 10 5 8 3 6
9 18 7 16 5 14 3 12
10 20 8 18 6 16 4 14
26 34 24 32 22 30 20 28
14 16 12 14 11 13 9 11
8 6 6 4 6 4 4 2
10 11 8 9 5 6 3 4
12 12 10 10 7 7 5 5
26 27 24 25 22 23 20 21
12 13 10 11 7 8 5 6
16 18 14 16 11 13 9 11
12 9 10 7 7 4 5 2
9 11 7 9 5 7 3 5
9 10 7 8 5 6 3 4
15 24 13 22 12 21 10 19
21 14 19 12 15 8 13 6
13 13 11 11 7 7 5 5
12 9 10 7 7 4 5 2
12 9 10 7 7 4 5 2
24 16 22 14 20 12 18 10
7 11 5 9 4 8 2 6
10 9 8 7 7 6 5 4
17 16 15 14 13 12 11 10
16 16 14 14 9 9 7 7
8 11 6 9 5 8 3 6
11 25 9 23 8 22 6 20
17 26 15 24 13 22 11 20
10 11 8 9 7 8 5 6
20 21 18 19 16 17 14 15
18 21 16 19 8 11 6 9
6 6 4 4 4 4 2 2
17 16 15 14 13 12 11 10
8 7 6 5 5 4 3 2
16 18 14 16 8 10 6 8
14 17 12 15 10 13 8 11
17 19 15 17 11 13 9 11
16 15 14 13 13 12 11 10
9 11 7 9 5 7 3 5
9 13 7 11 5 9 3 7
13 17 11 15 10 14 8 12
15 28 13 26 12 25 10 23
19 22 17 20 15 18 13 16
21 26 19 24 13 18 11 16
10 11 8 9 6 7 4 5
9 15 7 13 6 12 4 10
19 19 17 17 15 15 13 13
16 18 14 16 13 15 11 13
9 14 7 12 5 10 3 8
10 17 8 15 6 13 4 11
9 13 7 11 6 10 4 8
10 12 8 10 7 9 5 7
34 32 32 30 30 28 28 26
9 12 7 10 5 8 3 6
12 11 10 9 10 9 8 7
15 19 13 17 10 14 8 12
20 17 18 15 17 14 15 12
8 15 6 13 4 11 2 9
18 21 16 19 14 17 12 15
10 13 8 11 6 9 4 7
11 12 9 10 6 7 4 5
16 20 14 18 9 13 7 11
13 16 11 14 7 10 5 8
15 17 13 15 11 13 9 11
9 9 7 7 5 5 3 3
15 12 13 10 12 9 10 7
10 17 8 15 7 14 5 12
6 6 4 4 4 4 2 2
9 12 7 10 5 8 3 6
12 14 10 12 7 9 5 7
24 17 22 15 19 12 17 10
13 28 11 26 9 24 7 22
13 23 11 21 5 15 3 13
14 30 12 28 11 27 9 25
15 14 13 12 10 9 8 7
21 18 19 16 16 13 14 11
16 24 14 22 9 17 7 15
8 10 6 8 4 6 2 4
20 24 18 22 15 19 13 17
26 20 24 18 22 16 20 14
12 8 10 6 9 5 7 3
8 7 6 5 5 4 3 2
10 9 8 7 7 6 5 4
9 9 7 7 6 6 4 4
18 12 16 10 14 8 12 6
11 7 9 5 8 4 6 2
13 19 11 17 5 11 3 9
13 10 11 8 9 6 7 4
8 8 6 6 5 5 3 3
9 13 7 11 5 9 3 7
7 28 5 26 4 25 2 23
11 15 9 13 7 11 5 9
12 12 10 10 8 8 6 6
22 14 20 12 18 10 16 8
9 11 7 9 6 8 4 6
10 9 8 7 6 5 4 3
12 13 10 11 8 9 6 7
8 11 6 9 5 8 3 6
6 6 4 4 4 4 2 2
10 13 8 11 5 8 3 6
12 10 10 8 8 6 6 4
13 13 11 11 10 10 8 8
14 39 12 37 10 35 8 33
8 7 6 5 5 4 3 2
13 16 11 14 7 10 5 8
18 29 16 27 12 23 10 21
40 40 38 38 33 33 31 31
10 12 8 10 5 7 3 5
17 21 15 19 13 17 11 15
8 17 6 15 5 14 3 12
21 23 19 21 16 18 14 16
33 33 31 31 24 24 22 22
19 13 17 11 14 8 12 6
8 14 6 12 5 11 3 9
7 10 5 8 4 7 2 5
13 11 11 9 9 7 7 5
24 23 22 21 20 19 18 17
16 13 14 11 11 8 9 6
33 33 31 31 27 27 25 25
13 44 11 42 9 40 7 38
18 52 16 50 13 47 11 45
11 28 9 26 7 24 5 22
25 27 23 25 17 19 15 17
9 9 7 7 5 5 3 3
11 15 9 13 7 11 5 9
20 36 18 34 14 30 12 28
37 35 35 33 30 28 28 26
9 14 7 12 5 10 3 8
16 14 14 12 11 9 9 7
25 29 23 27 21 25 19 23
30 31 28 29 24 25 22 23
15 19 13 17 10 14 8 12
12 12 10 10 7 7 5 5
9 12 7 10 5 8 3 6
15 20 13 18 7 12 5 10
12 17 10 15 9 14 7 12
11 16 9 14 5 10 3 8
30 23 28 21 27 20 25 18
14 15 12 13 10 11 8 9
16 33 14 31 11 28 9 26
11 13 9 11 8 10 6 8
13 11 11 9 10 8 8 6
10 14 8 12 6 10 4 8
34 34 32 32 30 30 28 28
12 11 10 9 9 8 7 6
18 15 16 13 13 10 11 8
12 13 10 11 7 8 5 6
13 23 11 21 10 20 8 18
7 9 5 7 4 6 2 4
12 15 10 13 7 10 5 8
9 12 7 10 5 8 3 6
15 16 13 14 12 13 10 11
34 34 32 32 30 30 28 28
17 19 15 17 14 16 12 14
9 15 7 13 5 11 3 9
11 14 9 12 7 10 5 8
12 17 10 15 8 13 6 11
15 15 13 13 9 9 7 7
50 52 48 50 46 48 44 46
24 24 22 22 16 16 14 14
14 13 12 11 8 7 6 5
21 14 19 12 17 10 15 8
18 17 16 15 14 13 12 11
12 16 10 14 8 12 6 10
7 34 5 32 4 31 2 29
12 12 10 10 6 6 4 4
14 11 12 9 10 7 8 5
8 14 6 12 5 11 3 9
8 8 6 6 6 6 4 4
15 41 13 39 11 37 9 35
15 17 13 15 12 14 10 12
11 27 9 25 7 23 5 21
12 12 10 10 6 6 4 4
14 15 12 13 10 11 8 9
15 15 13 13 12 12 10 10
10 16 8 14 4 10 2 8
9 7 7 5 6 4 4 2
11 9 9 7 7 5 5 3
17 19 15 17 13 15 11 13
48 54 46 52 45 51 43 49
39 32 37 30 35 28 33 26
11 11 9 9 7 7 5 5
9 15 7 13 5 11 3 9
9 24 7 22 5 20 3 18
24 42 22 40 19 37 17 35
12 33 10 31 8 29 6 27
7 8 5 6 4 5 2 3
14 46 12 44 12 44 10 42
8 16 6 14 4 12 2 10
11 12 9 10 6 7 4 5
9 7 7 5 7 5 5 3
8 12 6 10 5 9 3 7
12 14 10 12 8 10 6 8
9 11 7 9 5 7 3 5
7 8 5 6 4 5 2 3
12 11 10 9 9 8 7 6
8 12 6 10 6 10 4 8
10 14 8 12 5 9 3 7
17 22 15 20 14 19 12 17
6 6 4 4 4 4 2 2
13 21 11 19 9 17 7 15
20 22 18 20 10 12 8 10
11 7 9 5 8 4 6 2
14 11 12 9 10 7 8 5
7 17 5 15 4 14 2 12
6 6 4 4 4 4 2 2
13 48 11 46 9 44 7 42
14 15 12 13 10 11 8 9
17 32 15 30 14 29 12 27
19 42 17 40 13 36 11 34
17 13 15 11 12 8 10 6
15 12 13 10 10 7 8 5
9 19 7 17 5 15 3 13
10 10 8 8 6 6 4 4
14 31 12 29 10 27 8 25
11 13 9 11 5 7 3 5
8 15 6 13 5 12 3 10
8 8 6 6 5 5 3 3
11 17 9 15 8 14 6 12
11 14 9 12 6 9 4 7
34 38 32 36 30 34 28 32
22 35 20 33 15 28 13 26
18 23 16 21 14 19 12 17
13 16 11 14 9 12 7 10
19 27 17 25 15 23 13 21
13 23 11 21 9 19 7 17
15 26 13 24 12 23 10 21
19 21 17 19 17 19 15 17
11 11 9 9 6 6 4 4
9 13 7 11 6 10 4 8
10 11 8 9 6 7 4 5
11 15 9 13 6 10 4 8
7 57 5 55 4 54 2 52
19 19 17 17 12 12 10 10
17 27 15 25 13 23 11 21
8 44 6 42 5 41 3 39
12 9 10 7 8 5 6 3
9 7 7 5 6 4 4 2
13 16 11 14 5 8 3 6
9 9 7 7 5 5 3 3
10 12 8 10 7 9 5 7
11 12 9 10 6 7 4 5
18 25 16 23 13 20 11 18
19 22 17 20 13 16 11 14
26 38 24 36 22 34 20 32
25 32 23 30 21 28 19 26
11 24 9 22 5 18 3 16
8 12 6 10 5 9 3 7
9 13 7 11 4 8 2 6
13 11 11 9 7 5 5 3
21 18 19 16 16 13 14 11
11 13 9 11 5 7 3 5
10 12 8 10 5 7 3 5
13 17 11 15 7 11 5 9
10 9 8 7 6 5 4 3
13 15 11 13 7 9 5 7
13 11 11 9 7 5 5 3
12 11 10 9 7 6 5 4
7 8 5 6 4 5 2 3
20 22 18 20 16 18 14 16
7 7 5 5 5 5 3 3
9 17 7 15 5 13 3 11
9 10 7 8 5 6 3 4
15 12 13 10 11 8 9 6
11 9 9 7 7 5 5 3
41 43 39 41 36 38 34 36
27 46 25 44 23 42 21 40
24 50 22 48 21 47 19 45
11 11 9 9 8 8 6 6
11 9 9 7 7 5 5 3
10 29 8 27 7 26 5 24
7 8 5 6 4 5 2 3
11 24 9 22 7 20 5 18
11 10 9 8 6 5 4 3
10 12 8 10 5 7 3 5
11 17 9 15 5 11 3 9
9 9 7 7 5 5 3 3
12 18 10 16 4 10 2 8
18 25 16 23 13 20 11 18
8 11 6 9 5 8 3 6
14 20 12 18 10 16 8 14
21 29 19 27 18 26 16 24
7 8 5 6 4 5 2 3
12 15 10 13 5 8 3 6
9 12 7 10 4 7 2 5
10 13 8 11 7 10 5 8
31 31 29 29 28 28 26 26
15 11 13 9 11 7 9 5
15 16 13 14 12 13 10 11
13 18 11 16 9 14 7 12
22 16 20 14 14 8 12 6
15 22 13 20 11 18 9 16
12 12 10 10 7 7 5 5
28 23 26 21 22 17 20 15
14 17 12 15 10 13 8 11
9 14 7 12 5 10 3 8
12 25 10 23 8 21 6 19
18 24 16 22 14 20 12 18
12 18 10 16 8 14 6 12
9 8 7 6 6 5 4 3
10 11 8 9 5 6 3 4
9 19 7 17 5 15 3 13
18 18 16 16 12 12 10 10
16 16 14 14 12 12 10 10
11 17 9 15 7 13 5 11
9 13 7 11 5 9 3 7
8 7 6 5 5 4 3 2
16 15 14 13 12 11 10 9
13 17 11 15 9 13 7 11
16 20 14 18 10 14 8 12
13 11 11 9 7 5 5 3
11 21 9 19 7 17 5 15
20 21 18 19 17 18 15 16
12 24 10 22 8 20 6 18
26 55 24 53 19 48 17 46
9 32 7 30 5 28 3 26
18 17 16 15 15 14 13 12
10 10 8 8 6 6 4 4
32 25 30 23 28 21 26 19
19 17 17 15 13 11 11 9
9 10 7 8 6 7 4 5
13 15 11 13 8 10 6 8
10 19 8 17 7 16 5 14
21 24 19 22 12 15 10 13
24 26 22 24 17 19 15 17
9 9 7 7 5 5 3 3
55 64 53 62 45 54 43 52
11 11 9 9 7 7 5 5
20 25 18 23 15 20 13 18
15 16 13 14 12 13 10 11
8 7 6 5 5 4 3 2
12 9 10 7 7 4 5 2
10 8 8 6 6 4 4 2
9 12 7 10 5 8 3 6
12 12 10 10 8 8 6 6
12 15 10 13 9 12 7 10
10 8 8 6 7 5 5 3
6 6 4 4 4 4 2 2
9 30 7 28 6 27 4 25
9 11 7 9 5 7 3 5
12 19 10 17 8 15 6 13
19 28 17 26 16 25 14 23
19 17 17 15 15 13 13 11
12 16 10 14 7 11 5 9
7 19 5 17 4 16 2 14
9 10 7 8 5 6 3 4
20 12 18 10 17 9 15 7
23 19 21 17 17 13 15 11
9 15 7 13 5 11 3 9
6 7 4 5 4 5 2 3
12 13 10 11 8 9 6 7
16 13 14 11 9 6 7 4
19 16 17 14 15 12 13 10
9 9 7 7 5 5 3 3
13 13 11 11 9 9 7 7
14 16 12 14 11 13 9 11
26 42 24 40 22 38 20 36
10 9 8 7 6 5 4 3
23 17 21 15 19 13 17 11
19 36 17 34 16 33 14 31
16 41 14 39 10 35 8 33
10 16 8 14 7 13 5 11
11 12 9 10 7 8 5 6
8 52 6 50 5 49 3 47
16 18 14 16 13 15 11 13
17 19 15 17 13 15 11 13
14 24 12 22 8 18 6 16
7 18 5 16 4 15 2 13
23 28 21 26 18 23 16 21
24 20 22 18 16 12 14 10
16 18 14 16 7 9 5 7
9 9 7 7 5 5 3 3
7 8 5 6 4 5 2 3
18 16 16 14 13 11 11 9
15 17 13 15 11 13 9 11
22 27 20 25 18 23 16 21
9 10 7 8 5 6 3 4
13 17 11 15 10 14 8 12
11 12 9 10 6 7 4 5
11 14 9 12 7 10 5 8
15 21 13 19 7 13 5 11
11 11 9 9 8 8 6 6
8 10 6 8 4 6 2 4
12 11 10 9 8 7 6 5
10 15 8 13 6 11 4 9
14 15 12 13 11 12 9 10
8 7 6 5 5 4 3 2
11 12 9 10 7 8 5 6
10 11 8 9 5 6 3 4
13 14 11 12 8 9 6 7
14 17 12 15 8 11 6 9
13 15 11 13 10 12 8 10
17 18 15 16 13 14 11 12
14 14 12 12 10 10 8 8
15 15 13 13 10 10 8 8
38 33 36 31 34 29 32 27
6 8 4 6 4 6 2 4
21 23 19 21 16 18 14 16
21 25 19 23 16 20 14 18
8 18 6 16 5 15 3 13
13 11 11 9 7 5 5 3
26 20 24 18 22 16 20 14
31 25 29 23 27 21 25 19
16 16 14 14 9 9 7 7
11 11 9 9 7 7 5 5
6 13 4 11 4 11 2 9
16 23 14 21 10 17 8 15
11 22 9 20 6 17 4 15
8 17 6 15 5 14 3 12
10 8 8 6 7 5 5 3
7 23 5 21 4 20 2 18
15 35 13 33 11 31 9 29
16 15 14 13 9 8 7 6
10 12 8 10 5 7 3 5
11 9 9 7 7 5 5 3
16 16 14 14 12 12 10 10
16 18 14 16 10 12 8 10
7 7 5 5 5 5 3 3
27 27 25 25 21 21 19 19
15 14 13 12 11 10 9 8
16 15 14 13 10 9 8 7
16 14 14 12 12 10 10 8
13 52 11 50 7 46 5 44
10 8 8 6 6 4 4 2
7 11 5 9 4 8 2 6
27 29 25 27 22 24 20 22
10 7 8 5 7 4 5 2
11 21 9 19 7 17 5 15
9 9 7 7 5 5 3 3
16 20 14 18 11 15 9 13
11 15 9 13 7 11 5 9
7 8 5 6 4 5 2 3
36 63 34 61 32 59 30 57
23 33 21 31 20 30 18 28
12 9 10 7 7 4 5 2
13 32 11 30 9 28 7 26
7 13 5 11 4 10 2 8
17 19 15 17 11 13 9 11
11 11 9 9 7 7 5 5
9 10 7 8 5 6 3 4
19 26 17 24 15 22 13 20
17 19 15 17 13 15 11 13
10 16 8 14 6 12 4 10
20 16 18 14 13 9 11 7
21 18 19 16 11 8 9 6
17 18 15 16 10 11 8 9
12 26 10 24 8 22 6 20
9 21 7 19 5 17 3 15
10 13 8 11 7 10 5 8
14 11 12 9 10 7 8 5
14 18 12 16 8 12 6 10
9 9 7 7 5 5 3 3
17 25 15 23 12 20 10 18
9 9 7 7 5 5 3 3
8 7 6 5 5 4 3 2
9 9 7 7 5 5 3 3
7 11 5 9 4 8 2 6
12 17 10 15 8 13 6 11
11 13 9 11 8 10 6 8
10 20 8 18 7 17 5 15
11 24 9 22 7 20 5 18
9 13 7 11 4 8 2 6
7 7 5 5 5 5 3 3
11 17 9 15 7 13 5 11
23 19 21 17 19 15 17 13
8 8 6 6 5 5 3 3
27 39 25 37 23 35 21 33
12 12 10 10 8 8 6 6
14 19 12 17 11 16 9 14
11 14 9 12 5 8 3 6
15 23 13 21 12 20 10 18
31 31 29 29 23 23 21 21
10 11 8 9 5 6 3 4
12 20 10 18 9 17 7 15
18 13 16 11 15 10 13 8
9 8 7 6 6 5 4 3
8 16 6 14 5 13 3 11
11 12 9 10 8 9 6 7
15 13 13 11 11 9 9 7
9 13 7 11 5 9 3 7
16 13 14 11 12 9 10 7
10 10 8 8 6 6 4 4
14 26 12 24 7 19 5 17
19 24 17 22 13 18 11 16
21 19 19 17 15 13 13 11
9 18 7 16 5 14 3 12
13 13 11 11 10 10 8 8
17 18 15 16 13 14 11 12
12 9 10 7 8 5 6 3
46 15 44 13 43 12 41 10
16 18 14 16 13 15 11 13
22 26 20 24 16 20 14 18
11 14 9 12 5 8 3 6
7 10 5 8 5 8 3 6
12 23 10 21 8 19 6 17
15 24 13 22 11 20 9 18
15 14 13 12 12 11 10 9
11 11 9 9 6 6 4 4
9 18 7 16 5 14 3 12
9 21 7 19 5 17 3 15
13 16 11 14 10 13 8 11
13 12 11 10 8 7 6 5
19 21 17 19 15 17 13 15
11 13 9 11 5 7 3 5
65 65 63 63 57 57 55 55
12 9 10 7 7 4 5 2
13 19 11 17 8 14 6 12
33 51 31 49 27 45 25 43
29 26 27 24 24 21 22 19
15 17 13 15 9 11 7 9
13 21 11 19 6 14 4 12
6 7 4 5 4 5 2 3
14 13 12 11 7 6 5 4
9 11 7 9 6 8 4 6
11 13 9 11 5 7 3 5
10 12 8 10 7 9 5 7
11 14 9 12 7 10 5 8
15 15 13 13 8 8 6 6
10 19 8 17 6 15 4 13
8 13 6 11 5 10 3 8
17 24 15 22 9 16 7 14
9 18 7 16 6 15 4 13
10 14 8 12 6 10 4 8
24 22 22 20 16 14 14 12
12 20 10 18 7 15 5 13
18 22 16 20 10 14 8 12
8 8 6 6 5 5 3 3
19 29 17 27 13 23 11 21
18 25 16 23 10 17 8 15
18 22 16 20 12 16 10 14
7 14 5 12 4 11 2 9
21 38 19 36 14 31 12 29
10 39 8 37 6 35 4 33
18 29 16 27 9 20 7 18
12 15 10 13 7 10 5 8
10 12 8 10 5 7 3 5
13 13 11 11 10 10 8 8
19 20 17 18 13 14 11 12
18 21 16 19 9 12 7 10
13 11 11 9 7 5 5 3
12 17 10 15 7 12 5 10
15 18 13 16 13 16 11 14
24 29 22 27 18 23 16 21
15 14 13 12 11 10 9 8
14 22 12 20 7 15 5 13
13 19 11 17 8 14 6 12
9 7 7 5 6 4 4 2
12 14 10 12 9 11 7 9
14 21 12 19 10 17 8 15
7 10 5 8 4 7 2 5
8 16 6 14 5 13 3 11
11 9 9 7 8 6 6 4
16 40 14 38 12 36 10 34
10 14 8 12 7 11 5 9
16 43 14 41 9 36 7 34
12 25 10 23 5 18 3 16
14 26 12 24 9 21 7 19
17 21 15 19 12 16 10 14
16 16 14 14 9 9 7 7
9 9 7 7 5 5 3 3
14 15 12 13 8 9 6 7
12 27 10 25 7 22 5 20
8 8 6 6 6 6 4 4
9 14 7 12 5 10 3 8
8 10 6 8 4 6 2 4
21 21 19 19 14 14 12 12
20 25 18 23 15 20 13 18
9 9 7 7 7 7 5 5
9 8 7 6 6 5 4 3
14 9 12 7 11 6 9 4
10 12 8 10 6 8 4 6
9 18 7 16 5 14 3 12
8 11 6 9 6 9 4 7
15 20 13 18 8 13 6 11
14 13 12 11 7 6 5 4
8 23 6 21 5 20 3 18
7 8 5 6 4 5 2 3
21 35 19 33 10 24 8 22
17 27 15 25 10 20 8 18
39 21 37 19 33 15 31 13
7 9 5 7 4 6 2 4
22 16 20 14 17 11 15 9
20 26 18 24 17 23 15 21
6 6 4 4 4 4 2 2
15 13 13 11 13 11 11 9
16 16 14 14 11 11 9 9
13 15 11 13 9 11 7 9
11 27 9 25 8 24 6 22
9 12 7 10 5 8 3 6
9 12 7 10 5 8 3 6
22 31 20 29 19 28 17 26
11 13 9 11 5 7 3 5
6 7 4 5 4 5 2 3
12 14 10 12 8 10 6 8
17 21 15 19 14 18 12 16
18 16 16 14 11 9 9 7
12 11 10 9 9 8 7 6
13 13 11 11 9 9 7 7
17 30 15 28 14 27 12 25
12 22 10 20 8 18 6 16
34 48 32 46 29 43 27 41
33 34 31 32 29 30 27 28
7 11 5 9 4 8 2 6
27 16 25 14 23 12 21 10
8 12 6 10 5 9 3 7
10 12 8 10 5 7 3 5
17 47 15 45 9 39 7 37
13 15 11 13 7 9 5 7
15 14 13 12 8 7 6 5
14 17 12 15 7 10 5 8
10 13 8 11 6 9 4 7
12 13 10 11 6 7 4 5
15 27 13 25 11 23 9 21
12 11 10 9 7 6 5 4
11 19 9 17 6 14 4 12
10 13 8 11 7 10 5 8
7 8 5 6 4 5 2 3
9 11 7 9 5 7 3 5
10 11 8 9 5 6 3 4
10 20 8 18 6 16 4 14
11 13 9 11 7 9 5 7
15 28 13 26 11 24 9 22
12 12 10 10 7 7 5 5
19 24 17 22 16 21 14 19
10 11 8 9 5 6 3 4
10 10 8 8 7 7 5 5
12 15 10 13 8 11 6 9
31 26 29 24 20 15 18 13
8 20 6 18 6 18 4 16
12 6 10 4 10 4 8 2
10 11 8 9 5 6 3 4
14 10 12 8 10 6 8 4
21 20 19 18 15 14 13 12
37 34 35 32 33 30 31 28
9 11 7 9 5 7 3 5
31 50 29 48 26 45 24 43
13 11 11 9 7 5 5 3
25 22 23 20 21 18 19 16
14 11 12 9 10 7 8 5
15 14 13 12 13 12 11 10
11 20 9 18 6 15 4 13
13 15 11 13 9 11 7 9
14 16 12 14 11 13 9 11
13 14 11 12 10 11 8 9
13 15 11 13 11 13 9 11
14 16 12 14 10 12 8 10
9 36 7 34 6 33 4 31
13 24 11 22 8 19 6 17
12 9 10 7 7 4 5 2
23 25 21 23 19 21 17 19
9 14 7 12 5 10 3 8
11 22 9 20 8 19 6 17
11 15 9 13 5 9 3 7
9 12 7 10 6 9 4 7
6 6 4 4 4 4 2 2
15 29 13 27 9 23 7 21
30 21 28 19 25 16 23 14
22 36 20 34 16 30 14 28
8 7 6 5 5 4 3 2
12 19 10 17 7 14 5 12
9 18 7 16 5 14 3 12
15 16 13 14 7 8 5 6
10 11 8 9 8 9 6 7
13 20 11 18 10 17 8 15
13 11 11 9 7 5 5 3
12 9 10 7 7 4 5 2
9 9 7 7 5 5 3 3
24 22 22 20 20 18 18 16
9 25 7 23 5 21 3 19
11 18 9 16 6 13 4 11
9 9 7 7 5 5 3 3
35 32 33 30 32 29 30 27
11 21 9 19 5 15 3 13
14 23 12 21 9 18 7 16
9 9 7 7 5 5 3 3
14 13 12 11 7 6 5 4
16 16 14 14 9 9 7 7
7 15 5 13 5 13 3 11
10 12 8 10 5 7 3 5
13 11 11 9 7 5 5 3
12 9 10 7 8 5 6 3
11 18 9 16 7 14 5 12
16 19 14 17 9 12 7 10
11 12 9 10 6 7 4 5
15 19 13 17 11 15 9 13
15 10 13 8 12 7 10 5
11 10 9 8 7 6 5 4
13 11 11 9 7 5 5 3
10 24 8 22 5 19 3 17
9 13 7 11 5 9 3 7
29 35 27 33 23 29 21 27
62 63 60 61 53 54 51 52
13 18 11 16 6 11 4 9
8 9 6 7 5 6 3 4
11 41 9 39 6 36 4 34
14 23 12 21 10 19 8 17
10 30 8 28 7 27 5 25
16 28 14 26 10 22 8 20
9 10 7 8 5 6 3 4
11 12 9 10 7 8 5 6
9 24 7 22 5 20 3 18
22 16 20 14 14 8 12 6
34 38 32 36 30 34 28 32
19 31 17 29 16 28 14 26
18 14 16 12 14 10 12 8
20 19 18 17 16 15 14 13
18 31 16 29 13 26 11 24
19 21 17 19 15 17 13 15
10 9 8 7 6 5 4 3
14 27 12 25 11 24 9 22
7 10 5 8 4 7 2 5
18 17 16 15 15 14 13 12
13 12 11 10 8 7 6 5
18 30 16 28 13 25 11 23
10 29 8 27 4 23 2 21
9 8 7 6 6 5 4 3
13 23 11 21 10 20 8 18
25 29 23 27 19 23 17 21
12 13 10 11 7 8 5 6
20 24 18 22 12 16 10 14
9 13 7 11 6 10 4 8
11 13 9 11 6 8 4 6
7 15 5 13 4 12 2 10
25 19 23 17 21 15 19 13
14 12 12 10 10 8 8 6
10 12 8 10 5 7 3 5
11 10 9 8 6 5 4 3
17 25 15 23 9 17 7 15
12 9 10 7 8 5 6 3
30 30 28 28 21 21 19 19
17 20 15 18 14 17 12 15
7 8 5 6 4 5 2 3
41 43 39 41 38 40 36 38
14 22 12 20 9 17 7 15
14 24 12 22 11 21 9 19
11 12 9 10 7 8 5 6
11 9 9 7 7 5 5 3
12 12 10 10 6 6 4 4
9 9 7 7 6 6 4 4
20 20 18 18 13 13 11 11
9 9 7 7 5 5 3 3
20 17 18 15 14 11 12 9
10 26 8 24 6 22 4 20
10 11 8 9 5 6 3 4
9 12 7 10 4 7 2 5
9 15 7 13 4 10 2 8
9 11 7 9 6 8 4 6
11 11 9 9 7 7 5 5
13 11 11 9 7 5 5 3
9 15 7 13 6 12 4 10
19 33 17 31 12 26 10 24
21 23 19 21 15 17 13 15
9 13 7 11 4 8 2 6
11 12 9 10 8 9 6 7
15 40 13 38 11 36 9 34
18 15 16 13 13 10 11 8
20 26 18 24 16 22 14 20
17 24 15 22 9 16 7 14
16 20 14 18 9 13 7 11
13 11 11 9 7 5 5 3
23 26 21 24 19 22 17 20
33 32 31 30 26 25 24 23
7 38 5 36 4 35 2 33
11 12 9 10 6 7 4 5
11 12 9 10 7 8 5 6
15 21 13 19 7 13 5 11
33 33 31 31 25 25 23 23
8 10 6 8 5 7 3 5
9 9 7 7 5 5 3 3
9 10 7 8 5 6 3 4
16 21 14 19 12 17 10 15
9 15 7 13 4 10 2 8
12 18 10 16 4 10 2 8
17 20 15 18 7 10 5 8
22 25 20 23 11 14 9 12
20 15 18 13 17 12 15 10
19 23 17 21 16 20 14 18
14 23 12 21 8 17 6 15
27 35 25 33 24 32 22 30
12 12 10 10 8 8 6 6
14 16 12 14 8 10 6 8
12 12 10 10 8 8 6 6
11 17 9 15 6 12 4 10
14 13 12 11 8 7 6 5
24 21 22 19 19 16 17 14
50 63 48 61 45 58 43 56
18 15 16 13 14 11 12 9
10 26 8 24 5 21 3 19
15 16 13 14 10 11 8 9
12 12 10 10 8 8 6 6
23 23 21 21 19 19 17 17
56 57 54 55 51 52 49 50
16 21 14 19 9 14 7 12
25 27 23 25 17 19 15 17
14 12 12 10 8 6 6 4
12 13 10 11 8 9 6 7
17 21 15 19 13 17 11 15
10 12 8 10 6 8 4 6
8 25 6 23 5 22 3 20
9 9 7 7 5 5 3 3
20 24 18 22 13 17 11 15
15 17 13 15 7 9 5 7
16 14 14 12 8 6 6 4
8 13 6 11 4 9 2 7
8 8 6 6 5 5 3 3
9 11 7 9 5 7 3 5
13 7 11 5 10 4 8 2
9 9 7 7 5 5 3 3
17 23 15 21 8 14 6 12
8 20 6 18 5 17 3 15
8 9 6 7 5 6 3 4
14 20 12 18 6 12 4 10
13 16 11 14 10 13 8 11
7 9 5 7 4 6 2 4
7 8 5 6 4 5 2 3
18 13 16 11 14 9 12 7
7 10 5 8 4 7 2 5
7 8 5 6 4 5 2 3
14 15 12 13 12 13 10 11
19 22 17 20 15 18 13 16
13 17 11 15 6 10 4 8
10 12 8 10 6 8 4 6
20 15 18 13 16 11 14 9
10 16 8 14 6 12 4 10
11 26 9 24 7 22 5 20
9 10 7 8 5 6 3 4
9 9 7 7 5 5 3 3
15 19 13 17 7 11 5 9
12 15 10 13 8 11 6 9
17 17 15 15 13 13 11 11
9 23 7 21 5 19 3 17
12 18 10 16 5 11 3 9
13 12 11 10 8 7 6 5
9 13 7 11 5 9 3 7
12 20 10 18 6 14 4 12
14 19 12 17 10 15 8 13
9 9 7 7 5 5 3 3
11 11 9 9 6 6 4 4
24 33 22 31 17 26 15 24
11 11 9 9 8 8 6 6
35 30 33 28 31 26 29 24
15 21 13 19 9 15 7 13
16 24 14 22 11 19 9 17
22 11 20 9 17 6 15 4
20 34 18 32 16 30 14 28
28 23 26 21 21 16 19 14
9 7 7 5 6 4 4 2
13 34 11 32 8 29 6 27
13 15 11 13 6 8 4 6
9 12 7 10 5 8 3 6
10 13 8 11 6 9 4 7
12 14 10 12 8 10 6 8
12 12 10 10 8 8 6 6
15 16 13 14 11 12 9 10
15 28 13 26 10 23 8 21
24 25 22 23 19 20 17 18
12 11 10 9 8 7 6 5
17 10 15 8 13 6 11 4
14 18 12 16 10 14 8 12
11 10 9 8 7 6 5 4
15 16 13 14 9 10 7 8
21 14 19 12 16 9 14 7
16 20 14 18 9 13 7 11
7 10 5 8 4 7 2 5
19 13 17 11 14 8 12 6
23 17 21 15 15 9 13 7
30 29 28 27 27 26 25 24
15 22 13 20 9 16 7 14
13 13 11 11 10 10 8 8
15 13 13 11 10 8 8 6
28 34 26 32 25 31 23 29
10 13 8 11 6 9 4 7
20 38 18 36 14 32 12 30
22 20 20 18 15 13 13 11
17 15 15 13 11 9 9 7
27 22 25 20 21 16 19 14
22 32 20 30 15 25 13 23
17 16 15 14 11 10 9 8
9 41 7 39 5 37 3 35
11 9 9 7 7 5 5 3
18 20 16 18 14 16 12 14
26 20 24 18 20 14 18 12
9 20 7 18 5 16 3 14
11 15 9 13 5 9 3 7
13 26 11 24 7 20 5 18
16 22 14 20 11 17 9 15
30 41 28 39 23 34 21 32
16 21 14 19 9 14 7 12
12 22 10 20 8 18 6 16
12 9 10 7 8 5 6 3
7 9 5 7 4 6 2 4
14 17 12 15 11 14 9 12
17 20 15 18 13 16 11 14
13 13 11 11 7 7 5 5
12 14 10 12 8 10 6 8
15 11 13 9 11 7 9 5
39 48 37 46 36 45 34 43
19 14 17 12 12 7 10 5
21 25 19 23 15 19 13 17
16 37 14 35 11 32 9 30
10 16 8 14 6 12 4 10
21 15 19 13 17 11 15 9
19 14 17 12 10 5 8 3
19 15 17 13 14 10 12 8
19 13 17 11 15 9 13 7
34 31 32 29 27 24 25 22
9 13 7 11 5 9 3 7
18 25 16 23 13 20 11 18
13 14 11 12 9 10 7 8
12 16 10 14 8 12 6 10
19 22 17 20 13 16 11 14
12 9 10 7 9 6 7 4
10 10 8 8 6 6 4 4
25 27 23 25 21 23 19 21
12 17 10 15 8 13 6 11
13 22 11 20 9 18 7 16
9 14 7 12 5 10 3 8
34 33 32 31 26 25 24 23
21 19 19 17 17 15 15 13
9 12 7 10 4 7 2 5
19 18 17 16 16 15 14 13
17 29 15 27 7 19 5 17
32 32 30 30 28 28 26 26
15 15 13 13 11 11 9 9
9 26 7 24 4 21 2 19
21 15 19 13 17 11 15 9
18 18 16 16 9 9 7 7
10 19 8 17 6 15 4 13
15 23 13 21 9 17 7 15
12 12 10 10 8 8 6 6
11 15 9 13 7 11 5 9
14 13 12 11 10 9 8 7
15 37 13 35 8 30 6 28
14 12 12 10 8 6 6 4
12 16 10 14 5 9 3 7
49 49 47 47 40 40 38 38
15 23 13 21 8 16 6 14
24 12 22 10 20 8 18 6
20 19 18 17 16 15 14 13
31 35 29 33 26 30 24 28
15 9 13 7 12 6 10 4
9 15 7 13 4 10 2 8
12 9 10 7 7 4 5 2
12 9 10 7 7 4 5 2
13 7 11 5 10 4 8 2
8 12 6 10 6 10 4 8
12 9 10 7 7 4 5 2
17 12 15 10 13 8 11 6
17 17 15 15 11 11 9 9
23 19 21 17 19 15 17 13
11 11 9 9 6 6 4 4
10 15 8 13 7 12 5 10
10 21 8 19 6 17 4 15
35 39 33 37 31 35 29 33
18 19 16 17 15 16 13 14
9 9 7 7 5 5 3 3
10 13 8 11 6 9 4 7
15 17 13 15 9 11 7 9
16 19 14 17 9 12 7 10
19 43 17 41 11 35 9 33
17 22 15 20 10 15 8 13
24 36 22 34 17 29 15 27
16 16 14 14 12 12 10 10
21 27 19 25 16 22 14 20
13 28 11 26 8 23 6 21
13 32 11 30 9 28 7 26
7 22 5 20 4 19 2 17
19 26 17 24 13 20 11 18
14 14 12 12 7 7 5 5
9 9 7 7 5 5 3 3
16 11 14 9 11 6 9 4
25 25 23 23 21 21 19 19
18 20 16 18 12 14 10 12
9 18 7 16 5 14 3 12
10 40 8 38 6 36 4 34
11 42 9 40 7 38 5 36
11 17 9 15 4 10 2 8
14 18 12 16 8 12 6 10
9 11 7 9 5 7 3 5
11 13 9 11 7 9 5 7
26 42 24 40 19 35 17 33
14 12 12 10 10 8 8 6
15 13 13 11 9 7 7 5
12 16 10 14 7 11 5 9
9 13 7 11 5 9 3 7
18 18 16 16 15 15 13 13
19 15 17 13 12 8 10 6
15 11 13 9 12 8 10 6
12 9 10 7 7 4 5 2
8 8 6 6 5 5 3 3
21 34 19 32 15 28 13 26
11 15 9 13 6 10 4 8
12 23 10 21 7 18 5 16
9 11 7 9 5 7 3 5
16 14 14 12 9 7 7 5
18 19 16 17 15 16 13 14
13 9 11 7 8 4 6 2
6 7 4 5 4 5 2 3
9 10 7 8 7 8 5 6
23 15 21 13 18 10 16 8
24 19 22 17 14 9 12 7
26 24 24 22 20 18 18 16
13 17 11 15 6 10 4 8
13 19 11 17 10 16 8 14
9 26 7 24 5 22 3 20
22 25 20 23 18 21 16 19
7 6 5 4 5 4 3 2
12 16 10 14 5 9 3 7
18 27 16 25 9 18 7 16
15 19 13 17 7 11 5 9
9 10 7 8 5 6 3 4
10 9 8 7 6 5 4 3
14 9 12 7 9 4 7 2
22 27 20 25 13 18 11 16
8 6 6 4 6 4 4 2
21 17 19 15 13 9 11 7
13 17 11 15 9 13 7 11
32 28 30 26 27 23 25 21
11 17 9 15 7 13 5 11
21 18 19 16 12 9 10 7
10 10 8 8 7 7 5 5
11 15 9 13 5 9 3 7
9 13 7 11 6 10 4 8
13 15 11 13 7 9 5 7
10 14 8 12 7 11 5 9
9 11 7 9 5 7 3 5
14 16 12 14 8 10 6 8
8 10 6 8 5 7 3 5
16 15 14 13 9 8 7 6
27 27 25 25 18 18 16 16
11 13 9 11 5 7 3 5
12 19 10 17 9 16 7 14
12 22 10 20 6 16 4 14
7 11 5 9 4 8 2 6
20 20 18 18 9 9 7 7
10 10 8 8 6 6 4 4
10 32 8 30 6 28 4 26
6 7 4 5 4 5 2 3
9 9 7 7 5 5 3 3
23 26 21 24 19 22 17 20
14 12 12 10 10 8 8 6
11 12 9 10 9 10 7 8
8 20 6 18 5 17 3 15
18 19 16 17 14 15 12 13
10 14 8 12 5 9 3 7
10 12 8 10 5 7 3 5
15 15 13 13 12 12 10 10
9 9 7 7 5 5 3 3
9 10 7 8 6 7 4 5
18 30 16 28 14 26 12 24
9 11 7 9 5 7 3 5
11 15 9 13 5 9 3 7
11 16 9 14 6 11 4 9
8 16 6 14 5 13 3 11
20 29 18 27 16 25 14 23
12 9 10 7 8 5 6 3
9 10 7 8 6 7 4 5
24 30 22 28 18 24 16 22
18 23 16 21 12 17 10 15
8 8 6 6 5 5 3 3
11 13 9 11 5 7 3 5
11 13 9 11 5 7 3 5
16 20 14 18 12 16 10 14
30 15 28 13 24 9 22 7
10 12 8 10 6 8 4 6
7 6 5 4 5 4 3 2
20 22 18 20 15 17 13 15
21 24 19 22 18 21 16 19
20 14 18 12 16 10 14 8
8 13 6 11 4 9 2 7
14 18 12 16 6 10 4 8
27 21 25 19 20 14 18 12
23 31 21 29 16 24 14 22
16 16 14 14 12 12 10 10
19 22 17 20 12 15 10 13
10 14 8 12 4 8 2 6
19 38 17 36 10 29 8 27
18 18 16 16 12 12 10 10
13 13 11 11 8 8 6 6
14 19 12 17 9 14 7 12
15 17 13 15 13 15 11 13
22 24 20 22 16 18 14 16
14 18 12 16 8 12 6 10
13 20 11 18 9 16 7 14
7 13 5 11 4 10 2 8
9 9 7 7 6 6 4 4
8 9 6 7 5 6 3 4
18 25 16 23 14 21 12 19
12 12 10 10 8 8 6 6
19 16 17 14 15 12 13 10
9 18 7 16 5 14 3 12
22 16 20 14 18 12 16 10
9 9 7 7 5 5 3 3
12 12 10 10 8 8 6 6
11 10 9 8 8 7 6 5
14 21 12 19 9 16 7 14
11 18 9 16 6 13 4 11
9 12 7 10 4 7 2 5
22 12 20 10 18 8 16 6
15 11 13 9 11 7 9 5
10 16 8 14 6 12 4 10
13 17 11 15 5 9 3 7
12 52 10 50 6 46 4 44
16 15 14 13 12 11 10 9
16 21 14 19 9 14 7 12
9 12 7 10 4 7 2 5
22 21 20 19 15 14 13 12
10 13 8 11 5 8 3 6
8 9 6 7 5 6 3 4
10 16 8 14 6 12 4 10
12 9 10 7 7 4 5 2
9 22 7 20 4 17 2 15
9 22 7 20 5 18 3 16
24 38 22 36 21 35 19 33
14 14 12 12 7 7 5 5
15 11 13 9 9 5 7 3
19 30 17 28 14 25 12 23
16 23 14 21 9 16 7 14
8 8 6 6 5 5 3 3
8 8 6 6 5 5 3 3
7 9 5 7 4 6 2 4
10 35 8 33 7 32 5 30
9 21 7 19 5 17 3 15
10 24 8 22 7 21 5 19
13 22 11 20 8 17 6 15
9 9 7 7 5 5 3 3
25 23 23 21 19 17 17 15
10 11 8 9 5 6 3 4
9 12 7 10 6 9 4 7
18 13 16 11 14 9 12 7
13 11 11 9 10 8 8 6
15 13 13 11 11 9 9 7
11 12 9 10 8 9 6 7
17 27 15 25 11 21 9 19
15 16 13 14 9 10 7 8
15 28 13 26 9 22 7 20
11 65 9 63 7 61 5 59
21 13 19 11 16 8 14 6
21 11 19 9 17 7 15 5
17 32 15 30 12 27 10 25
13 24 11 22 7 18 5 16
9 13 7 11 5 9 3 7
12 13 10 11 8 9 6 7
9 8 7 6 6 5 4 3
42 36 40 34 37 31 35 29
9 14 7 12 5 10 3 8
21 20 19 18 15 14 13 12
6 19 4 17 4 17 2 15
55 16 53 14 49 10 47 8
11 14 9 12 7 10 5 8
11 8 9 6 8 5 6 3
25 23 23 21 16 14 14 12
13 11 11 9 9 7 7 5
13 13 11 11 8 8 6 6
9 14 7 12 5 10 3 8
18 16 16 14 14 12 12 10
20 15 18 13 11 6 9 4
16 11 14 9 12 7 10 5
63 61 61 59 59 57 57 55
14 20 12 18 10 16 8 14
17 16 15 14 13 12 11 10
21 16 19 14 17 12 15 10
22 37 20 35 18 33 16 31
45 52 43 50 41 48 39 46
9 31 7 29 5 27 3 25
21 23 19 21 17 19 15 17
24 23 22 21 21 20 19 18
12 8 10 6 8 4 6 2
12 14 10 12 9 11 7 9
10 16 8 14 7 13 5 11
22 16 20 14 18 12 16 10
8 7 6 5 5 4 3 2
20 24 18 22 15 19 13 17
15 13 13 11 9 7 7 5
14 17 12 15 9 12 7 10
12 13 10 11 7 8 5 6
13 19 11 17 9 15 7 13
17 60 15 58 13 56 11 54
15 11 13 9 9 5 7 3
16 14 14 12 13 11 11 9
13 11 11 9 7 5 5 3
9 9 7 7 5 5 3 3
14 14 12 12 7 7 5 5
18 37 16 35 15 34 13 32
7 25 5 23 4 22 2 20
11 42 9 40 8 39 6 37
13 16 11 14 6 9 4 7
9 9 7 7 5 5 3 3
15 13 13 11 9 7 7 5
12 10 10 8 10 8 8 6
9 9 7 7 5 5 3 3
17 40 15 38 13 36 11 34
14 21 12 19 10 17 8 15
15 10 13 8 11 6 9 4
13 13 11 11 7 7 5 5
20 35 18 33 17 32 15 30
9 9 7 7 6 6 4 4
12 12 10 10 6 6 4 4
38 35 36 33 29 26 27 24
15 13 13 11 11 9 9 7
10 15 8 13 6 11 4 9
15 31 13 29 11 27 9 25
16 22 14 20 10 16 8 14
7 19 5 17 4 16 2 14
10 11 8 9 5 6 3 4
17 24 15 22 12 19 10 17
16 20 14 18 13 17 11 15
18 15 16 13 13 10 11 8
20 26 18 24 16 22 14 20
9 30 7 28 5 26 3 24
16 30 14 28 12 26 10 24
14 18 12 16 6 10 4 8
24 21 22 19 16 13 14 11
20 18 18 16 15 13 13 11
14 32 12 30 6 24 4 22
13 26 11 24 9 22 7 20
15 11 13 9 9 5 7 3
7 11 5 9 4 8 2 6
7 9 5 7 4 6 2 4
12 28 10 26 8 24 6 22
7 8 5 6 5 6 3 4
9 19 7 17 5 15 3 13
10 10 8 8 7 7 5 5
15 17 13 15 12 14 10 12
16 18 14 16 13 15 11 13
11 8 9 6 8 5 6 3
17 22 15 20 13 18 11 16
17 25 15 23 13 21 11 19
25 28 23 26 21 24 19 22
12 16 10 14 7 11 5 9
10 19 8 17 5 14 3 12
11 20 9 18 7 16 5 14
10 31 8 29 6 27 4 25
10 11 8 9 6 7 4 5
10 16 8 14 7 13 5 11
21 25 19 23 18 22 16 20
24 33 22 31 20 29 18 27
23 24 21 22 20 21 18 19
7 9 5 7 4 6 2 4
14 14 12 12 12 12 10 10
7 31 5 29 4 28 2 26
6 6 4 4 4 4 2 2
14 31 12 29 10 27 8 25
19 35 17 33 11 27 9 25
18 24 16 22 12 18 10 16
12 9 10 7 8 5 6 3
13 39 11 37 6 32 4 30
18 11 16 9 13 6 11 4
10 14 8 12 4 8 2 6
17 23 15 21 13 19 11 17
13 13 11 11 9 9 7 7
9 22 7 20 5 18 3 16
9 7 7 5 6 4 4 2
15 12 13 10 11 8 9 6
14 12 12 10 10 8 8 6
8 9 6 7 5 6 3 4
9 10 7 8 5 6 3 4
11 10 9 8 8 7 6 5
19 35 17 33 14 30 12 28
8 9 6 7 5 6 3 4
15 13 13 11 9 7 7 5
15 18 13 16 7 10 5 8
20 24 18 22 10 14 8 12
9 53 7 51 5 49 3 47
10 12 8 10 6 8 4 6
11 21 9 19 8 18 6 16
13 20 11 18 9 16 7 14
14 36 12 34 9 31 7 29
24 35 22 33 17 28 15 26
22 22 20 20 18 18 16 16
8 7 6 5 5 4 3 2
7 8 5 6 4 5 2 3
7 10 5 8 5 8 3 6
10 12 8 10 5 7 3 5
12 19 10 17 8 15 6 13
10 14 8 12 6 10 4 8
13 33 11 31 6 26 4 24
8 16 6 14 5 13 3 11
15 19 13 17 11 15 9 13
15 25 13 23 11 21 9 19
22 43 20 41 18 39 16 37
9 10 7 8 6 7 4 5
19 22 17 20 15 18 13 16
11 12 9 10 6 7 4 5
22 23 20 21 18 19 16 17
16 18 14 16 12 14 10 12
16 40 14 38 9 33 7 31
14 14 12 12 10 10 8 8
16 14 14 12 10 8 8 6
14 24 12 22 10 20 8 18
10 25 8 23 6 21 4 19
11 19 9 17 6 14 4 12
8 11 6 9 5 8 3 6
13 12 11 10 9 8 7 6
18 18 16 16 14 14 12 12
13 13 11 11 9 9 7 7
22 25 20 23 17 20 15 18
7 17 5 15 4 14 2 12
9 9 7 7 5 5 3 3
25 29 23 27 19 23 17 21
9 10 7 8 5 6 3 4
16 15 14 13 12 11 10 9
13 20 11 18 7 14 5 12
16 19 14 17 14 17 12 15
10 11 8 9 5 6 3 4
9 19 7 17 5 15 3 13
10 14 8 12 5 9 3 7
18 18 16 16 15 15 13 13
24 28 22 26 21 25 19 23
10 15 8 13 4 9 2 7
15 26 13 24 11 22 9 20
12 15 10 13 8 11 6 9
14 13 12 11 8 7 6 5
8 10 6 8 4 6 2 4
17 21 15 19 15 19 13 17
14 15 12 13 10 11 8 9
11 19 9 17 5 13 3 11
12 14 10 12 8 10 6 8
14 18 12 16 8 12 6 10
20 18 18 16 18 16 16 14
10 20 8 18 7 17 5 15
15 34 13 32 12 31 10 29
7 9 5 7 4 6 2 4
10 34 8 32 6 30 4 28
20 29 18 27 13 22 11 20
44 46 42 44 40 42 38 40
10 12 8 10 6 8 4 6
6 37 4 35 4 35 2 33
9 12 7 10 5 8 3 6
32 17 30 15 25 10 23 8
10 21 8 19 5 16 3 14
22 16 20 14 18 12 16 10
26 38 24 36 23 35 21 33
15 15 13 13 9 9 7 7
22 20 20 18 18 16 16 14
13 23 11 21 9 19 7 17
16 28 14 26 12 24 10 22
12 13 10 11 8 9 6 7
7 26 5 24 4 23 2 21
12 13 10 11 8 9 6 7
11 15 9 13 5 9 3 7
11 12 9 10 7 8 5 6
14 8 12 6 11 5 9 3
11 13 9 11 7 9 5 7
23 41 21 39 19 37 17 35
29 30 27 28 27 28 25 26
11 10 9 8 6 5 4 3
28 29 26 27 23 24 21 22
7 8 5 6 4 5 2 3
12 10 10 8 8 6 6 4
8 20 6 18 5 17 3 15
10 38 8 36 6 34 4 32
7 15 5 13 4 12 2 10
15 13 13 11 11 9 9 7
11 15 9 13 7 11 5 9
28 28 26 26 20 20 18 18
16 31 14 29 10 25 8 23
6 8 4 6 4 6 2 4
15 23 13 21 11 19 9 17
9 26 7 24 5 22 3 20
11 14 9 12 5 8 3 6
7 32 5 30 5 30 3 28
7 11 5 9 4 8 2 6
17 16 15 14 14 13 12 11
6 7 4 5 4 5 2 3
10 10 8 8 6 6 4 4
12 15 10 13 5 8 3 6
8 7 6 5 5 4 3 2
9 14 7 12 5 10 3 8
10 12 8 10 5 7 3 5
21 45 19 43 12 36 10 34
9 9 7 7 6 6 4 4
12 12 10 10 8 8 6 6
8 9 6 7 5 6 3 4
11 35 9 33 7 31 5 29
11 26 9 24 6 21 4 19
11 14 9 12 6 9 4 7
18 19 16 17 15 16 13 14
9 17 7 15 5 13 3 11
16 24 14 22 11 19 9 17
11 27 9 25 7 23 5 21
7 18 5 16 4 15 2 13
12 13 10 11 8 9 6 7
14 37 12 35 7 30 5 28
19 19 17 17 15 15 13 13
12 14 10 12 8 10 6 8
28 32 26 30 22 26 20 24
8 31 6 29 4 27 2 25
30 30 28 28 26 26 24 24
13 16 11 14 8 11 6 9
7 11 5 9 4 8 2 6
19 23 17 21 15 19 13 17
10 19 8 17 6 15 4 13
17 12 15 10 13 8 11 6
17 28 15 26 12 23 10 21
11 17 9 15 6 12 4 10
10 17 8 15 5 12 3 10
18 30 16 28 11 23 9 21
24 24 22 22 20 20 18 18
13 14 11 12 10 11 8 9
9 10 7 8 5 6 3 4
9 13 7 11 6 10 4 8
9 12 7 10 4 7 2 5
9 13 7 11 5 9 3 7
22 30 20 28 19 27 17 25
21 18 19 16 18 15 16 13
31 31 29 29 21 21 19 19
11 20 9 18 8 17 6 15
16 25 14 23 10 19 8 17
13 41 11 39 8 36 6 34
19 17 17 15 13 11 11 9
9 12 7 10 5 8 3 6
9 12 7 10 5 8 3 6
14 22 12 20 9 17 7 15
20 20 18 18 16 16 14 14
22 27 20 25 17 22 15 20
26 29 24 27 21 24 19 22
11 13 9 11 7 9 5 7
17 37 15 35 12 32 10 30
12 15 10 13 7 10 5 8
10 10 8 8 6 6 4 4
10 17 8 15 5 12 3 10
15 13 13 11 11 9 9 7
9 12 7 10 5 8 3 6
8 8 6 6 5 5 3 3
26 22 24 20 22 18 20 16
18 24 16 22 12 18 10 16
16 21 14 19 11 16 9 14
16 22 14 20 13 19 11 17
45 24 43 22 42 21 40 19
11 60 9 58 8 57 6 55
10 8 8 6 7 5 5 3
19 22 17 20 11 14 9 12
15 48 13 46 11 44 9 42
18 23 16 21 14 19 12 17
10 67 8 65 6 63 4 61
15 30 13 28 11 26 9 24
23 33 21 31 19 29 17 27
19 16 17 14 12 9 10 7
13 15 11 13 9 11 7 9
8 18 6 16 5 15 3 13
17 29 15 27 13 25 11 23
11 7 9 5 9 5 7 3
7 6 5 4 5 4 3 2
13 21 11 19 6 14 4 12
19 16 17 14 14 11 12 9
11 29 9 27 5 23 3 21
8 33 6 31 6 31 4 29
9 7 7 5 6 4 4 2
15 19 13 17 10 14 8 12
38 35 36 33 35 32 33 30
7 8 5 6 4 5 2 3
23 20 21 18 16 13 14 11
12 16 10 14 6 10 4 8
9 12 7 10 6 9 4 7
17 18 15 16 14 15 12 13
14 15 12 13 11 12 9 10
16 21 14 19 12 17 10 15
32 22 30 20 28 18 26 16
12 26 10 24 9 23 7 21
10 9 8 7 6 5 4 3
10 13 8 11 5 8 3 6
8 7 6 5 5 4 3 2
7 12 5 10 4 9 2 7
16 19 14 17 11 14 9 12
16 17 14 15 11 12 9 10
11 26 9 24 6 21 4 19
35 35 33 33 24 24 22 22
19 21 17 19 12 14 10 12
17 15 15 13 12 10 10 8
8 9 6 7 5 6 3 4
22 17 20 15 20 15 18 13
14 43 12 41 10 39 8 37
9 13 7 11 5 9 3 7
7 8 5 6 4 5 2 3
14 18 12 16 8 12 6 10
11 13 9 11 5 7 3 5
19 19 17 17 11 11 9 9
6 6 4 4 4 4 2 2
24 27 22 25 20 23 18 21
7 13 5 11 4 10 2 8
20 17 18 15 16 13 14 11
12 10 10 8 7 5 5 3
9 23 7 21 5 19 3 17
9 11 7 9 5 7 3 5
9 8 7 6 6 5 4 3
11 16 9 14 7 12 5 10
14 11 12 9 11 8 9 6
8 30 6 28 4 26 2 24
19 21 17 19 12 14 10 12
20 21 18 19 12 13 10 11
14 18 12 16 10 14 8 12
18 21 16 19 14 17 12 15
16 12 14 10 11 7 9 5
10 19 8 17 5 14 3 12
11 9 9 7 7 5 5 3
7 22 5 20 4 19 2 17
18 25 16 23 14 21 12 19
12 9 10 7 7 4 5 2
9 9 7 7 5 5 3 3
11 13 9 11 6 8 4 6
13 18 11 16 7 12 5 10
11 11 9 9 7 7 5 5
37 35 35 33 31 29 29 27
53 52 51 50 49 48 47 46
11 10 9 8 6 5 4 3
9 14 7 12 6 11 4 9
7 9 5 7 4 6 2 4
9 11 7 9 6 8 4 6
12 27 10 25 9 24 7 22
9 13 7 11 5 9 3 7
9 11 7 9 5 7 3 5
11 14 9 12 6 9 4 7
7 10 5 8 4 7 2 5
11 9 9 7 7 5 5 3
9 14 7 12 5 10 3 8
10 11 8 9 6 7 4 5
17 15 15 13 13 11 11 9
11 15 9 13 6 10 4 8
8 8 6 6 5 5 3 3
28 29 26 27 24 25 22 23
7 26 5 24 4 23 2 21
8 13 6 11 5 10 3 8
13 17 11 15 10 14 8 12
40 17 38 15 37 14 35 12
11 13 9 11 7 9 5 7
9 27 7 25 5 23 3 21
32 31 30 29 27 26 25 24
12 15 10 13 5 8 3 6
19 40 17 38 12 33 10 31
7 16 5 14 4 13 2 11
15 20 13 18 8 13 6 11
12 17 10 15 8 13 6 11
23 15 21 13 17 9 15 7
7 13 5 11 4 10 2 8
10 10 8 8 8 8 6 6
6 15 4 13 4 13 2 11
14 18 12 16 10 14 8 12
29 26 27 24 24 21 22 19
28 33 26 31 24 29 22 27
15 15 13 13 13 13 11 11
22 33 20 31 18 29 16 27
10 9 8 7 6 5 4 3
15 20 13 18 12 17 10 15
10 12 8 10 8 10 6 8
6 6 4 4 4 4 2 2
15 13 13 11 11 9 9 7
27 12 25 10 21 6 19 4
12 10 10 8 8 6 6 4
13 9 11 7 9 5 7 3
38 38 36 36 35 35 33 33
11 20 9 18 6 15 4 13
12 26 10 24 5 19 3 17
7 11 5 9 4 8 2 6
7 11 5 9 4 8 2 6
14 10 12 8 9 5 7 3
21 20 19 18 18 17 16 15
14 17 12 15 11 14 9 12
8 18 6 16 5 15 3 13
9 16 7 14 6 13 4 11
7 9 5 7 4 6 2 4
11 29 9 27 6 24 4 22
9 30 7 28 6 27 4 25
28 36 26 34 20 28 18 26
26 26 24 24 22 22 20 20
13 15 11 13 7 9 5 7
14 13 12 11 8 7 6 5
12 14 10 12 7 9 5 7
7 12 5 10 4 9 2 7
16 11 14 9 13 8 11 6
9 9 7 7 5 5 3 3
7 8 5 6 4 5 2 3
7 11 5 9 4 8 2 6
33 55 31 53 27 49 25 47
19 22 17 20 14 17 12 15
23 24 21 22 16 17 14 15
26 31 24 29 19 24 17 22
12 14 10 12 7 9 5 7
15 12 13 10 8 5 6 3
10 9 8 7 7 6 5 4
7 10 5 8 5 8 3 6
9 9 7 7 5 5 3 3
10 26 8 24 6 22 4 20
16 15 14 13 10 9 8 7
8 7 6 5 5 4 3 2
9 9 7 7 5 5 3 3
15 13 13 11 12 10 10 8
9 42 7 40 6 39 4 37
15 21 13 19 11 17 9 15
13 17 11 15 5 9 3 7
11 17 9 15 6 12 4 10
14 33 12 31 8 27 6 25
13 17 11 15 6 10 4 8
12 16 10 14 9 13 7 11
17 18 15 16 14 15 12 13
13 19 11 17 10 16 8 14
12 15 10 13 9 12 7 10
27 32 25 30 21 26 19 24
13 16 11 14 7 10 5 8
15 15 13 13 7 7 5 5
15 21 13 19 7 13 5 11
8 22 6 20 5 19 3 17
12 12 10 10 8 8 6 6
6 10 4 8 4 8 2 6
10 14 8 12 6 10 4 8
20 13 18 11 16 9 14 7
16 20 14 18 11 15 9 13
10 16 8 14 6 12 4 10
23 30 21 28 19 26 17 24
20 18 18 16 16 14 14 12
22 22 20 20 19 19 17 17
6 6 4 4 4 4 2 2
17 23 15 21 13 19 11 17
15 24 13 22 11 20 9 18
15 16 13 14 12 13 10 11
19 24 17 22 15 20 13 18
21 32 19 30 14 25 12 23
8 10 6 8 4 6 2 4
14 25 12 23 11 22 9 20
11 16 9 14 5 10 3 8
14 18 12 16 9 13 7 11
10 13 8 11 6 9 4 7
9 19 7 17 5 15 3 13
14 16 12 14 9 11 7 9
30 38 28 36 24 32 22 30
25 26 23 24 19 20 17 18
23 26 21 24 14 17 12 15
15 18 13 16 9 12 7 10
19 21 17 19 15 17 13 15
15 13 13 11 11 9 9 7
19 24 17 22 15 20 13 18
18 14 16 12 12 8 10 6
8 10 6 8 4 6 2 4
9 12 7 10 6 9 4 7
17 23 15 21 12 18 10 16
26 27 24 25 15 16 13 14
9 9 7 7 5 5 3 3
10 11 8 9 5 6 3 4
16 15 14 13 11 10 9 8
9 12 7 10 5 8 3 6
11 34 9 32 8 31 6 29
7 6 5 4 5 4 3 2
12 9 10 7 8 5 6 3
12 13 10 11 8 9 6 7
19 26 17 24 15 22 13 20
25 20 23 18 21 16 19 14
25 23 23 21 19 17 17 15
8 7 6 5 5 4 3 2
8 8 6 6 5 5 3 3
18 20 16 18 11 13 9 11
23 22 21 20 18 17 16 15
15 19 13 17 10 14 8 12
11 7 9 5 8 4 6 2
29 52 27 50 24 47 22 45
10 11 8 9 5 6 3 4
16 17 14 15 12 13 10 11
18 24 16 22 11 17 9 15
18 25 16 23 13 20 11 18
19 24 17 22 13 18 11 16
9 11 7 9 5 7 3 5
11 13 9 11 6 8 4 6
24 30 22 28 21 27 19 25
9 19 7 17 6 16 4 14
9 11 7 9 5 7 3 5
11 16 9 14 7 12 5 10
11 15 9 13 7 11 5 9
11 16 9 14 5 10 3 8
16 7 14 5 13 4 11 2
6 7 4 5 4 5 2 3
10 7 8 5 7 4 5 2
7 14 5 12 4 11 2 9
20 31 18 29 18 29 16 27
9 9 7 7 5 5 3 3
10 11 8 9 7 8 5 6
30 31 28 29 25 26 23 24
14 14 12 12 10 10 8 8
15 15 13 13 8 8 6 6
16 33 14 31 13 30 11 28
8 7 6 5 5 4 3 2
8 7 6 5 5 4 3 2
8 8 6 6 5 5 3 3
9 9 7 7 5 5 3 3
20 28 18 26 15 23 13 21
11 14 9 12 7 10 5 8
6 35 4 33 4 33 2 31
14 10 12 8 8 4 6 2
23 15 21 13 19 11 17 9
20 20 18 18 16 16 14 14
9 17 7 15 5 13 3 11
10 10 8 8 6 6 4 4
23 23 21 21 19 19 17 17
11 13 9 11 7 9 5 7
13 15 11 13 6 8 4 6
6 6 4 4 4 4 2 2
30 24 28 22 27 21 25 19
7 10 5 8 4 7 2 5
7 18 5 16 4 15 2 13
7 16 5 14 4 13 2 11
29 38 27 36 26 35 24 33
7 11 5 9 4 8 2 6
9 8 7 6 6 5 4 3
14 12 12 10 12 10 10 8
20 11 18 9 16 7 14 5
24 25 22 23 21 22 19 20
7 11 5 9 4 8 2 6
12 26 10 24 9 23 7 21
9 7 7 5 6 4 4 2
8 8 6 6 6 6 4 4
8 9 6 7 5 6 3 4
17 14 15 12 13 10 11 8
9 12 7 10 5 8 3 6
10 8 8 6 7 5 5 3
10 11 8 9 6 7 4 5
29 43 27 41 26 40 24 38
9 10 7 8 6 7 4 5
9 9 7 7 5 5 3 3
6 11 4 9 4 9 2 7
10 8 8 6 6 4 4 2
10 16 8 14 6 12 4 10
7 9 5 7 5 7 3 5
20 10 18 8 17 7 15 5
8 7 6 5 5 4 3 2
13 12 11 10 11 10 9 8
6 6 4 4 4 4 2 2
12 16 10 14 9 13 7 11
12 10 10 8 9 7 7 5
16 18 14 16 12 14 10 12
18 25 16 23 15 22 13 20
7 14 5 12 4 11 2 9
7 9 5 7 4 6 2 4
36 33 34 31 33 30 31 28
6 6 4 4 4 4 2 2
12 17 10 15 8 13 6 11
17 24 15 22 15 22 13 20
10 10 8 8 8 8 6 6
11 16 9 14 8 13 6 11
7 9 5 7 4 6 2 4
15 11 13 9 11 7 9 5
6 6 4 4 4 4 2 2
13 12 11 10 11 10 9 8
7 11 5 9 4 8 2 6
8 12 6 10 5 9 3 7
7 8 5 6 4 5 2 3
8 10 6 8 4 6 2 4
13 16 11 14 10 13 8 11
11 16 9 14 8 13 6 11
13 14 11 12 10 11 8 9
7 8 5 6 4 5 2 3
20 17 18 15 16 13 14 11
10 21 8 19 8 19 6 17
11 8 9 6 8 5 6 3
7 8 5 6 4 5 2 3
14 20 12 18 9 15 7 13
14 11 12 9 11 8 9 6
13 8 11 6 10 5 8 3
10 8 8 6 7 5 5 3
10 19 8 17 7 16 5 14
20 24 18 22 14 18 12 16
6 23 4 21 4 21 2 19
9 7 7 5 6 4 4 2
11 6 9 4 9 4 7 2
24 21 22 19 20 17 18 15
13 10 11 8 10 7 8 5
15 13 13 11 11 9 9 7
7 14 5 12 4 11 2 9
9 9 7 7 7 7 5 5
6 6 4 4 4 4 2 2
7 10 5 8 4 7 2 5
27 24 25 22 24 21 22 19
7 9 5 7 4 6 2 4
6 6 4 4 4 4 2 2
8 20 6 18 4 16 2 14
13 14 11 12 10 11 8 9
6 6 4 4 4 4 2 2
22 23 20 21 17 18 15 16
7 12 5 10 4 9 2 7
6 6 4 4 4 4 2 2
11 6 9 4 9 4 7 2
7 8 5 6 4 5 2 3
10 21 8 19 6 17 4 15
6 6 4 4 4 4 2 2
24 23 22 21 20 19 18 17
6 8 4 6 4 6 2 4
11 13 9 11 8 10 6 8
6 6 4 4 4 4 2 2
7 13 5 11 4 10 2 8
9 7 7 5 6 4 4 2
7 15 5 13 4 12 2 10
7 18 5 16 4 15 2 13
12 19 10 17 8 15 6 13
19 12 17 10 16 9 14 7
34 46 32 44 31 43 29 41
11 16 9 14 7 12 5 10
12 19 10 17 9 16 7 14
16 25 14 23 13 22 11 20
10 12 8 10 6 8 4 6
15 9 13 7 10 4 8 2
10 8 8 6 7 5 5 3
11 11 9 9 6 6 4 4
8 13 6 11 4 9 2 7
7 13 5 11 4 10 2 8
12 15 10 13 9 12 7 10
8 6 6 4 6 4 4 2
13 14 11 12 9 10 7 8
9 9 7 7 5 5 3 3
6 8 4 6 4 6 2 4
7 12 5 10 5 10 3 8
7 8 5 6 4 5 2 3
12 12 10 10 7 7 5 5
28 22 26 20 25 19 23 17
13 13 11 11 9 9 7 7
11 10 9 8 7 6 5 4
12 9 10 7 7 4 5 2
21 20 19 18 18 17 16 15
8 12 6 10 5 9 3 7
8 8 6 6 5 5 3 3
29 22 27 20 22 15 20 13
15 13 13 11 11 9 9 7
11 17 9 15 8 14 6 12
8 15 6 13 4 11 2 9
12 12 10 10 8 8 6 6
6 7 4 5 4 5 2 3
14 13 12 11 11 10 9 8
30 34 28 32 27 31 25 29
13 16 11 14 10 13 8 11
17 13 15 11 14 10 12 8
7 16 5 14 5 14 3 12
17 13 15 11 13 9 11 7
11 8 9 6 8 5 6 3
7 9 5 7 4 6 2 4
11 12 9 10 8 9 6 7
6 6 4 4 4 4 2 2
19 22 17 20 16 19 14 17
10 16 8 14 6 12 4 10
18 14 16 12 10 6 8 4
9 11 7 9 5 7 3 5
12 10 10 8 8 6 6 4
7 10 5 8 4 7 2 5
12 7 10 5 9 4 7 2
13 15 11 13 9 11 7 9
7 20 5 18 4 17 2 15
10 7 8 5 7 4 5 2
25 25 23 23 19 19 17 17
15 17 13 15 12 14 10 12
11 16 9 14 8 13 6 11
8 10 6 8 4 6 2 4
23 29 21 27 20 26 18 24
14 15 12 13 10 11 8 9
6 6 4 4 4 4 2 2
6 6 4 4 4 4 2 2
15 30 13 28 11 26 9 24
7 8 5 6 5 6 3 4
8 7 6 5 5 4 3 2
11 11 9 9 6 6 4 4
10 8 8 6 6 4 4 2
11 20 9 18 7 16 5 14
13 11 11 9 8 6 6 4
12 12 10 10 9 9 7 7
7 18 5 16 4 15 2 13
10 32 8 30 7 29 5 27
6 8 4 6 4 6 2 4
9 21 7 19 5 17 3 15
7 12 5 10 5 10 3 8
14 17 12 15 11 14 9 12
11 13 9 11 8 10 6 8
15 14 13 12 10 9 8 7
6 6 4 4 4 4 2 2
7 11 5 9 4 8 2 6
8 7 6 5 6 5 4 3
11 17 9 15 7 13 5 11
9 9 7 7 5 5 3 3
9 33 7 31 5 29 3 27
6 10 4 8 4 8 2 6
10 8 8 6 6 4 4 2
8 7 6 5 5 4 3 2
9 12 7 10 5 8 3 6
12 11 10 9 10 9 8 7
6 6 4 4 4 4 2 2
11 31 9 29 7 27 5 25
8 16 6 14 4 12 2 10
7 8 5 6 4 5 2 3
7 8 5 6 4 5 2 3
9 16 7 14 7 14 5 12
6 -16 4 -18 4 -18 2 -20
7 8 5 6 4 5 2 3
8 8 6 6 5 5 3 3
20 20 18 18 18 18 16 16
7 11 5 9 4 8 2 6
11 12 9 10 6 7 4 5
16 12 14 10 12 8 10 6
11 12 9 10 8 9 6 7
8 8 6 6 5 5 3 3
12 11 10 9 8 7 6 5
51 49 49 47 47 45 45 43
12 10 10 8 9 7 7 5
11 10 9 8 7 6 5 4
7 9 5 7 4 6 2 4
11 17 9 15 6 12 4 10
9 8 7 6 6 5 4 3
6 17 4 15 4 15 2 13
7 10 5 8 4 7 2 5
28 24 26 22 25 21 23 19
6 6 4 4 4 4 2 2
7 8 5 6 5 6 3 4
9 10 7 8 6 7 4 5
7 10 5 8 4 7 2 5
16 37 14 35 13 34 11 32
10 14 8 12 8 12 6 10
7 10 5 8 4 7 2 5
13 28 11 26 10 25 8 23
33 30 31 28 29 26 27 24
12 10 10 8 9 7 7 5
7 10 5 8 4 7 2 5
12 11 10 9 7 6 5 4
25 29 23 27 21 25 19 23
8 10 6 8 4 6 2 4
15 11 13 9 12 8 10 6
9 10 7 8 6 7 4 5
12 15 10 13 8 11 6 9
15 21 13 19 12 18 10 16
10 32 8 30 7 29 5 27
20 15 18 13 17 12 15 10
14 14 12 12 12 12 10 10
7 17 5 15 4 14 2 12
7 13 5 11 4 10 2 8
7 17 5 15 4 14 2 12
30 23 28 21 25 18 23 16
7 -11 5 -13 5 -13 3 -15
15 15 13 13 13 13 11 11
13 11 11 9 10 8 8 6
10 8 8 6 7 5 5 3
11 17 9 15 8 14 6 12
10 12 8 10 8 10 6 8
24 17 22 15 20 13 18 11
9 11 7 9 6 8 4 6
7 9 5 7 5 7 3 5
6 6 4 4 4 4 2 2
6 6 4 4 4 4 2 2
13 21 11 19 9 17 7 15
13 14 11 12 9 10 7 8
13 9 11 7 9 5 7 3
22 24 20 22 19 21 17 19
12 12 10 10 9 9 7 7
16 11 14 9 11 6 9 4
11 19 9 17 6 14 4 12
18 32 16 30 14 28 12 26
11 11 9 9 6 6 4 4
11 11 9 9 6 6 4 4
11 15 9 13 8 12 6 10
6 6 4 4 4 4 2 2
16 19 14 17 13 16 11 14
8 8 6 6 5 5 3 3
9 9 7 7 5 5 3 3
13 -9 11 -11 9 -13 7 -15
13 19 11 17 7 13 5 11
11 16 9 14 7 12 5 10
11 15 9 13 8 12 6 10
8 22 6 20 4 18 2 16
13 16 11 14 9 12 7 10
27 28 25 26 23 24 21 22
10 23 8 21 8 21 6 19
18 24 16 22 14 20 12 18
10 14 8 12 5 9 3 7
12 18 10 16 9 15 7 13
12 9 10 7 8 5 6 3
14 16 12 14 10 12 8 10
9 21 7 19 5 17 3 15
8 19 6 17 4 15 2 13
14 15 12 13 10 11 8 9
11 14 9 12 7 10 5 8
13 23 11 21 10 20 8 18
18 15 16 13 9 6 7 4
10 12 8 10 6 8 4 6
13 29 11 27 9 25 7 23
45 69 43 67 39 63 37 61
21 13 19 11 17 9 15 7
7 17 5 15 4 14 2 12
13 12 11 10 9 8 7 6
16 26 14 24 12 22 10 20
8 11 6 9 5 8 3 6
7 12 5 10 4 9 2 7
9 11 7 9 6 8 4 6
9 14 7 12 5 10 3 8
17 20 15 18 13 16 11 14
21 24 19 22 16 19 14 17
13 17 11 15 10 14 8 12
16 29 14 27 12 25 10 23
13 10 11 8 11 8 9 6
8 25 6 23 5 22 3 20
21 26 19 24 18 23 16 21
8 12 6 10 5 9 3 7
14 19 12 17 10 15 8 13
10 20 8 18 6 16 4 14
7 19 5 17 4 16 2 14
10 17 8 15 6 13 4 11
17 43 15 41 13 39 11 37
8 9 6 7 5 6 3 4
9 12 7 10 6 9 4 7
14 15 12 13 10 11 8 9
7 31 5 29 4 28 2 26
9 14 7 12 6 11 4 9
7 8 5 6 4 5 2 3
23 23 21 21 19 19 17 17
28 38 26 36 24 34 22 32
13 15 11 13 9 11 7 9
21 43 19 41 17 39 15 37
10 15 8 13 6 11 4 9
13 47 11 45 10 44 8 42
15 17 13 15 10 12 8 10
33 40 31 38 30 37 28 35
17 21 15 19 14 18 12 16
14 19 12 17 10 15 8 13
9 12 7 10 5 8 3 6
24 12 22 10 19 7 17 5
9 13 7 11 5 9 3 7
9 18 7 16 5 14 3 12
