original_content variant_content original_content_hudson variant_content_hudson original_function variant_function original_function_hudson variant_function_hudson
9 9 7 7 5 5 3 3
7 9 5 7 5 7 3 5
7 8 5 6 4 5 2 3
8 10 6 8 6 8 4 6
9 10 7 8 6 7 4 5
12 12 10 10 10 10 8 8
7 6 5 4 5 4 3 2
7 10 5 8 4 7 2 5
8 10 6 8 6 8 4 6
6 7 4 5 4 5 2 3
8 10 6 8 5 7 3 5
8 10 6 8 5 7 3 5
9 8 7 6 7 6 5 4
10 12 8 10 7 9 5 7
6 6 4 4 4 4 2 2
8 16 6 14 6 14 4 12
12 12 10 10 9 9 7 7
7 8 5 6 4 5 2 3
8 9 6 7 5 6 3 4
6 6 4 4 4 4 2 2
15 12 13 10 8 5 6 3
7 7 5 5 5 5 3 3
7 8 5 6 5 6 3 4
18 19 16 17 15 16 13 14
6 12 4 10 4 10 2 8
6 8 4 6 4 6 2 4
6 10 4 8 4 8 2 6
20 18 18 16 17 15 15 13
7 8 5 6 4 5 2 3
8 7 6 5 5 4 3 2
18 22 16 20 7 11 5 9
10 19 8 17 7 16 5 14
6 7 4 5 4 5 2 3
9 12 7 10 7 10 5 8
6 11 4 9 4 9 2 7
11 11 9 9 9 9 7 7
9 11 7 9 6 8 4 6
8 10 6 8 5 7 3 5
7 8 5 6 4 5 2 3
9 11 7 9 6 8 4 6
10 19 8 17 5 14 3 12
16 11 14 9 13 8 11 6
12 16 10 14 10 14 8 12
15 14 13 12 12 11 10 9
12 13 10 11 7 8 5 6
10 9 8 7 6 5 4 3
15 19 13 17 13 17 11 15
10 8 8 6 7 5 5 3
12 16 10 14 10 14 8 12
6 9 4 7 4 7 2 5
6 11 4 9 4 9 2 7
8 12 6 10 4 8 2 6
6 8 4 6 4 6 2 4
8 12 6 10 6 10 4 8
6 6 4 4 4 4 2 2
22 14 20 12 20 12 18 10
12 11 10 9 10 9 8 7
9 9 7 7 6 6 4 4
21 16 19 14 19 14 17 12
6 10 4 8 4 8 2 6
10 13 8 11 8 11 6 9
11 13 9 11 5 7 3 5
9 18 7 16 7 16 5 14
6 6 4 4 4 4 2 2
6 6 4 4 4 4 2 2
7 9 5 7 5 7 3 5
6 6 4 4 4 4 2 2
21 24 19 22 17 20 15 18
12 11 10 9 7 6 5 4
9 10 7 8 6 7 4 5
9 8 7 6 7 6 5 4
11 -4 9 -6 7 -8 5 -10
6 6 4 4 4 4 2 2
8 8 6 6 5 5 3 3
7 10 5 8 4 7 2 5
14 9 12 7 10 5 8 3
8 10 6 8 5 7 3 5
9 13 7 11 6 10 4 8
9 7 7 5 6 4 4 2
10 12 8 10 7 9 5 7
9 11 7 9 5 7 3 5
9 9 7 7 5 5 3 3
8 10 6 8 6 8 4 6
6 10 4 8 4 8 2 6
8 18 6 16 4 14 2 12
11 13 9 11 7 9 5 7
8 11 6 9 6 9 4 7
10 8 8 6 7 5 5 3
7 8 5 6 4 5 2 3
9 20 7 18 7 18 5 16
6 6 4 4 4 4 2 2
7 8 5 6 4 5 2 3
10 14 8 12 5 9 3 7
10 11 8 9 5 6 3 4
8 17 6 15 5 14 3 12
9 11 7 9 5 7 3 5
10 19 8 17 7 16 5 14
7 8 5 6 5 6 3 4
7 8 5 6 4 5 2 3
11 12 9 10 6 7 4 5
8 6 6 4 6 4 4 2
11 28 9 26 9 26 7 24
8 -3 6 -5 5 -6 3 -8
6 6 4 4 4 4 2 2
10 11 8 9 8 9 6 7
11 10 9 8 7 6 5 4
8 11 6 9 5 8 3 6
12 21 10 19 9 18 7 16
7 38 5 36 4 35 2 33
10 8 8 6 7 5 5 3
19 28 17 26 13 22 11 20
7 8 5 6 4 5 2 3
14 11 12 9 11 8 9 6
19 17 17 15 16 14 14 12
12 18 10 16 10 16 8 14
8 18 6 16 5 15 3 13
13 12 11 10 10 9 8 7
9 11 7 9 4 6 2 4
15 27 13 25 11 23 9 21
9 12 7 10 5 8 3 6
24 34 22 32 4 14 2 12
7 17 5 15 4 14 2 12
9 11 7 9 6 8 4 6
8 7 6 5 5 4 3 2
7 8 5 6 4 5 2 3
11 11 9 9 8 8 6 6
15 19 13 17 11 15 9 13
12 15 10 13 8 11 6 9
8 7 6 5 5 4 3 2
7 8 5 6 4 5 2 3
9 17 7 15 6 14 4 12
6 10 4 8 4 8 2 6
8 10 6 8 5 7 3 5
8 3 6 1 5 0 3 -2
10 -28 8 -30 8 -30 6 -32
8 11 6 9 6 9 4 7
12 11 10 9 7 6 5 4
23 30 21 28 21 28 19 26
8 10 6 8 6 8 4 6
9 9 7 7 5 5 3 3
8 7 6 5 6 5 4 3
6 6 4 4 4 4 2 2
9 8 7 6 7 6 5 4
10 13 8 11 7 10 5 8
8 9 6 7 5 6 3 4
11 23 9 21 8 20 6 18
9 11 7 9 5 7 3 5
8 12 6 10 4 8 2 6
6 9 4 7 4 7 2 5
12 9 10 7 10 7 8 5
6 11 4 9 4 9 2 7
26 23 24 21 24 21 22 19
21 15 19 13 19 13 17 11
10 6 8 4 8 4 6 2
10 10 8 8 6 6 4 4
8 14 6 12 4 10 2 8
6 9 4 7 4 7 2 5
8 8 6 6 5 5 3 3
7 8 5 6 4 5 2 3
9 9 7 7 5 5 3 3
7 9 5 7 5 7 3 5
21 6 19 4 19 4 17 2
20 19 18 17 17 16 15 14
6 8 4 6 4 6 2 4
8 11 6 9 5 8 3 6
7 8 5 6 5 6 3 4
9 10 7 8 6 7 4 5
10 13 8 11 6 9 4 7
14 13 12 11 12 11 10 9
11 40 9 38 6 35 4 33
12 13 10 11 7 8 5 6
21 25 19 23 17 21 15 19
37 22 35 20 33 18 31 16
9 9 7 7 5 5 3 3
7 10 5 8 4 7 2 5
9 11 7 9 5 7 3 5
8 9 6 7 5 6 3 4
7 8 5 6 4 5 2 3
6 6 4 4 4 4 2 2
6 13 4 11 4 11 2 9
7 15 5 13 4 12 2 10
7 8 5 6 4 5 2 3
6 8 4 6 4 6 2 4
14 18 12 16 10 14 8 12
10 11 8 9 6 7 4 5
9 9 7 7 5 5 3 3
8 9 6 7 5 6 3 4
7 23 5 21 4 20 2 18
6 6 4 4 4 4 2 2
12 19 10 17 9 16 7 14
6 7 4 5 4 5 2 3
6 8 4 6 4 6 2 4
8 10 6 8 5 7 3 5
18 21 16 19 15 18 13 16
11 10 9 8 7 6 5 4
8 8 6 6 5 5 3 3
10 12 8 10 7 9 5 7
7 8 5 6 4 5 2 3
10 10 8 8 8 8 6 6
6 6 4 4 4 4 2 2
11 18 9 16 7 14 5 12
14 16 12 14 12 14 10 12
6 9 4 7 4 7 2 5
10 8 8 6 8 6 6 4
7 8 5 6 4 5 2 3
11 14 9 12 8 11 6 9
9 9 7 7 5 5 3 3
14 13 12 11 11 10 9 8
8 9 6 7 5 6 3 4
6 6 4 4 4 4 2 2
16 17 14 15 12 13 10 11
9 10 7 8 5 6 3 4
6 6 4 4 4 4 2 2
10 10 8 8 7 7 5 5
18 47 16 45 15 44 13 42
11 10 9 8 8 7 6 5
8 13 6 11 6 11 4 9
16 21 14 19 14 19 12 17
9 12 7 10 7 10 5 8
12 18 10 16 5 11 3 9
12 13 10 11 9 10 7 8
7 15 5 13 5 13 3 11
14 19 12 17 10 15 8 13
6 8 4 6 4 6 2 4
6 6 4 4 4 4 2 2
7 6 5 4 5 4 3 2
13 17 11 15 10 14 8 12
8 20 6 18 4 16 2 14
6 6 4 4 4 4 2 2
9 21 7 19 6 18 4 16
7 8 5 6 5 6 3 4
11 9 9 7 9 7 7 5
10 10 8 8 6 6 4 4
11 13 9 11 9 11 7 9
7 11 5 9 5 9 3 7
7 8 5 6 4 5 2 3
12 21 10 19 7 16 5 14
6 -42 4 -44 4 -44 2 -46
28 30 26 28 23 25 21 23
7 10 5 8 4 7 2 5
7 8 5 6 4 5 2 3
11 10 9 8 8 7 6 5
11 1 9 -1 8 -2 6 -4
6 12 4 10 4 10 2 8
7 11 5 9 4 8 2 6
13 20 11 18 7 14 5 12
7 8 5 6 4 5 2 3
8 14 6 12 6 12 4 10
13 11 11 9 10 8 8 6
7 15 5 13 5 13 3 11
6 18 4 16 4 16 2 14
12 13 10 11 7 8 5 6
6 13 4 11 4 11 2 9
24 28 22 26 21 25 19 23
7 9 5 7 4 6 2 4
10 11 8 9 7 8 5 6
12 9 10 7 8 5 6 3
7 8 5 6 4 5 2 3
6 9 4 7 4 7 2 5
7 9 5 7 5 7 3 5
8 13 6 11 6 11 4 9
7 9 5 7 4 6 2 4
8 12 6 10 6 10 4 8
8 12 6 10 5 9 3 7
13 15 11 13 10 12 8 10
29 47 27 45 24 42 22 40
8 8 6 6 5 5 3 3
10 12 8 10 7 9 5 7
14 20 12 18 12 18 10 16
13 20 11 18 8 15 6 13
6 11 4 9 4 9 2 7
12 13 10 11 7 8 5 6
9 9 7 7 5 5 3 3
7 18 5 16 5 16 3 14
6 7 4 5 4 5 2 3
8 18 6 16 5 15 3 13
11 12 9 10 8 9 6 7
22 13 20 11 20 11 18 9
12 43 10 41 6 37 4 35
8 16 6 14 6 14 4 12
29 27 27 25 25 23 23 21
7 11 5 9 5 9 3 7
7 8 5 6 4 5 2 3
8 6 6 4 6 4 4 2
8 10 6 8 5 7 3 5
8 7 6 5 5 4 3 2
8 10 6 8 5 7 3 5
8 8 6 6 6 6 4 4
9 9 7 7 5 5 3 3
8 14 6 12 5 11 3 9
7 8 5 6 4 5 2 3
12 9 10 7 10 7 8 5
8 8 6 6 5 5 3 3
9 9 7 7 5 5 3 3
6 9 4 7 4 7 2 5
7 8 5 6 4 5 2 3
16 8 14 6 13 5 11 3
8 10 6 8 5 7 3 5
13 15 11 13 10 12 8 10
6 14 4 12 4 12 2 10
8 9 6 7 5 6 3 4
6 6 4 4 4 4 2 2
12 23 10 21 9 20 7 18
7 8 5 6 4 5 2 3
10 10 8 8 6 6 4 4
10 8 8 6 6 4 4 2
9 11 7 9 4 6 2 4
7 8 5 6 4 5 2 3
10 -19 8 -21 8 -21 6 -23
6 7 4 5 4 5 2 3
6 10 4 8 4 8 2 6
7 8 5 6 4 5 2 3
8 7 6 5 5 4 3 2
19 13 17 11 12 6 10 4
6 9 4 7 4 7 2 5
8 9 6 7 5 6 3 4
9 13 7 11 7 11 5 9
7 24 5 22 4 21 2 19
7 15 5 13 4 12 2 10
10 8 8 6 8 6 6 4
16 14 14 12 14 12 12 10
8 10 6 8 5 7 3 5
12 13 10 11 8 9 6 7
10 13 8 11 8 11 6 9
7 8 5 6 4 5 2 3
10 11 8 9 5 6 3 4
10 18 8 16 8 16 6 14
7 10 5 8 4 7 2 5
9 9 7 7 5 5 3 3
15 20 13 18 11 16 9 14
7 7 5 5 4 4 2 2
6 6 4 4 4 4 2 2
7 8 5 6 5 6 3 4
10 8 8 6 7 5 5 3
9 12 7 10 7 10 5 8
7 8 5 6 4 5 2 3
9 9 7 7 6 6 4 4
11 11 9 9 7 7 5 5
17 22 15 20 13 18 11 16
6 7 4 5 4 5 2 3
7 8 5 6 4 5 2 3
6 6 4 4 4 4 2 2
8 8 6 6 5 5 3 3
17 19 15 17 14 16 12 14
9 10 7 8 6 7 4 5
9 10 7 8 5 6 3 4
8 12 6 10 5 9 3 7
13 18 11 16 9 14 7 12
8 8 6 6 5 5 3 3
6 6 4 4 4 4 2 2
8 7 6 5 5 4 3 2
7 8 5 6 5 6 3 4
8 9 6 7 6 7 4 5
7 7 5 5 5 5 3 3
6 6 4 4 4 4 2 2
6 6 4 4 4 4 2 2
7 8 5 6 4 5 2 3
6 10 4 8 4 8 2 6
6 8 4 6 4 6 2 4
6 6 4 4 4 4 2 2
8 9 6 7 5 6 3 4
8 11 6 9 4 7 2 5
21 33 19 31 12 24 10 22
6 6 4 4 4 4 2 2
7 8 5 6 5 6 3 4
9 9 7 7 5 5 3 3
8 7 6 5 5 4 3 2
8 7 6 5 5 4 3 2
10 9 8 7 7 6 5 4
8 8 6 6 6 6 4 4
6 6 4 4 4 4 2 2
6 6 4 4 4 4 2 2
8 12 6 10 6 10 4 8
7 12 5 10 4 9 2 7
7 8 5 6 4 5 2 3
6 6 4 4 4 4 2 2
6 6 4 4 4 4 2 2
6 6 4 4 4 4 2 2
6 6 4 4 4 4 2 2
9 11 7 9 7 9 5 7
6 6 4 4 4 4 2 2
7 8 5 6 4 5 2 3
9 8 7 6 6 5 4 3
8 8 6 6 6 6 4 4
14 10 12 8 10 6 8 4
15 9 13 7 12 6 10 4
15 13 13 11 9 7 7 5
10 9 8 7 7 6 5 4
6 6 4 4 4 4 2 2
11 20 9 18 7 16 5 14
10 10 8 8 7 7 5 5
12 17 10 15 6 11 4 9
9 10 7 8 6 7 4 5
17 18 15 16 13 14 11 12
10 12 8 10 6 8 4 6
11 11 9 9 7 7 5 5
23 18 21 16 18 13 16 11
9 7 7 5 7 5 5 3
8 19 6 17 4 15 2 13
9 15 7 13 5 11 3 9
10 21 8 19 6 17 4 15
7 9 5 7 4 6 2 4
10 12 8 10 8 10 6 8
7 14 5 12 4 11 2 9
6 6 4 4 4 4 2 2
6 9 4 7 4 7 2 5
7 8 5 6 4 5 2 3
7 14 5 12 4 11 2 9
9 13 7 11 5 9 3 7
10 18 8 16 8 16 6 14
6 8 4 6 4 6 2 4
7 7 5 5 5 5 3 3
11 15 9 13 8 12 6 10
7 8 5 6 4 5 2 3
13 33 11 31 10 30 8 28
13 13 11 11 10 10 8 8
8 8 6 6 6 6 4 4
9 9 7 7 6 6 4 4
8 11 6 9 5 8 3 6
6 11 4 9 4 9 2 7
19 29 17 27 16 26 14 24
7 8 5 6 4 5 2 3
6 12 4 10 4 10 2 8
9 9 7 7 5 5 3 3
7 21 5 19 5 19 3 17
12 13 10 11 7 8 5 6
7 11 5 9 4 8 2 6
14 15 12 13 12 13 10 11
6 6 4 4 4 4 2 2
9 11 7 9 4 6 2 4
8 10 6 8 4 6 2 4
8 7 6 5 6 5 4 3
6 9 4 7 4 7 2 5
7 9 5 7 4 6 2 4
6 11 4 9 4 9 2 7
9 14 7 12 6 11 4 9
8 7 6 5 5 4 3 2
15 19 13 17 13 17 11 15
8 24 6 22 6 22 4 20
6 7 4 5 4 5 2 3
8 7 6 5 6 5 4 3
11 10 9 8 8 7 6 5
8 8 6 6 5 5 3 3
6 6 4 4 4 4 2 2
9 9 7 7 5 5 3 3
6 9 4 7 4 7 2 5
6 9 4 7 4 7 2 5
6 8 4 6 4 6 2 4
8 7 6 5 5 4 3 2
9 17 7 15 6 14 4 12
14 14 12 12 11 11 9 9
6 7 4 5 4 5 2 3
6 6 4 4 4 4 2 2
6 7 4 5 4 5 2 3
7 8 5 6 4 5 2 3
12 13 10 11 6 7 4 5
11 13 9 11 5 7 3 5
6 7 4 5 4 5 2 3
10 15 8 13 7 12 5 10
8 11 6 9 6 9 4 7
10 9 8 7 8 7 6 5
8 8 6 6 5 5 3 3
10 14 8 12 7 11 5 9
6 14 4 12 4 12 2 10
11 9 9 7 8 6 6 4
8 7 6 5 5 4 3 2
8 7 6 5 5 4 3 2
6 6 4 4 4 4 2 2
6 6 4 4 4 4 2 2
8 7 6 5 5 4 3 2
15 16 13 14 12 13 10 11
6 8 4 6 4 6 2 4
9 8 7 6 6 5 4 3
6 6 4 4 4 4 2 2
8 8 6 6 6 6 4 4
7 8 5 6 4 5 2 3
6 6 4 4 4 4 2 2
7 8 5 6 5 6 3 4
6 6 4 4 4 4 2 2
6 6 4 4 4 4 2 2
7 7 5 5 5 5 3 3
10 10 8 8 7 7 5 5
7 7 5 5 5 5 3 3
7 7 5 5 5 5 3 3
6 6 4 4 4 4 2 2
15 28 13 26 10 23 8 21
8 8 6 6 5 5 3 3
7 8 5 6 4 5 2 3
10 9 8 7 6 5 4 3
7 8 5 6 4 5 2 3
6 9 4 7 4 7 2 5
7 8 5 6 4 5 2 3
22 18 20 16 16 12 14 10
8 9 6 7 5 6 3 4
8 8 6 6 5 5 3 3
8 8 6 6 6 6 4 4
6 8 4 6 4 6 2 4
8 10 6 8 4 6 2 4
23 17 21 15 16 10 14 8
12 12 10 10 8 8 6 6
10 8 8 6 6 4 4 2
9 10 7 8 6 7 4 5
10 8 8 6 7 5 5 3
9 9 7 7 5 5 3 3
6 6 4 4 4 4 2 2
10 12 8 10 6 8 4 6
11 14 9 12 5 8 3 6
8 8 6 6 5 5 3 3
10 10 8 8 5 5 3 3
6 6 4 4 4 4 2 2
7 8 5 6 4 5 2 3
9 8 7 6 6 5 4 3
9 8 7 6 6 5 4 3
10 13 8 11 4 7 2 5
11 20 9 18 8 17 6 15
10 9 8 7 6 5 4 3
7 8 5 6 4 5 2 3
15 15 13 13 8 8 6 6
8 8 6 6 5 5 3 3
6 12 4 10 4 10 2 8
13 12 11 10 7 6 5 4
8 7 6 5 5 4 3 2
10 8 8 6 7 5 5 3
6 8 4 6 4 6 2 4
6 8 4 6 4 6 2 4
6 6 4 4 4 4 2 2
6 7 4 5 4 5 2 3
6 10 4 8 4 8 2 6
6 12 4 10 4 10 2 8
14 14 12 12 12 12 10 10
17 20 15 18 15 18 13 16
8 24 6 22 5 21 3 19
6 6 4 4 4 4 2 2
6 8 4 6 4 6 2 4
16 17 14 15 14 15 12 13
7 8 5 6 4 5 2 3
6 6 4 4 4 4 2 2
6 7 4 5 4 5 2 3
6 13 4 11 4 11 2 9
7 8 5 6 4 5 2 3
10 10 8 8 6 6 4 4
6 6 4 4 4 4 2 2
14 13 12 11 11 10 9 8
10 14 8 12 4 8 2 6
6 8 4 6 4 6 2 4
8 10 6 8 4 6 2 4
20 26 18 24 12 18 10 16
6 6 4 4 4 4 2 2
17 16 15 14 15 14 13 12
6 27 4 25 4 25 2 23
8 8 6 6 5 5 3 3
12 12 10 10 10 10 8 8
6 12 4 10 4 10 2 8
7 12 5 10 5 10 3 8
6 11 4 9 4 9 2 7
8 10 6 8 6 8 4 6
13 16 11 14 9 12 7 10
6 6 4 4 4 4 2 2
9 12 7 10 7 10 5 8
6 6 4 4 4 4 2 2
8 7 6 5 5 4 3 2
8 7 6 5 5 4 3 2
8 7 6 5 5 4 3 2
7 8 5 6 4 5 2 3
6 6 4 4 4 4 2 2
6 7 4 5 4 5 2 3
8 7 6 5 5 4 3 2
7 8 5 6 4 5 2 3
12 15 10 13 7 10 5 8
7 8 5 6 4 5 2 3
11 25 9 23 9 23 7 21
8 14 6 12 6 12 4 10
6 17 4 15 4 15 2 13
10 13 8 11 7 10 5 8
8 10 6 8 5 7 3 5
6 20 4 18 4 18 2 16
11 12 9 10 6 7 4 5
13 18 11 16 10 15 8 13
6 11 4 9 4 9 2 7
6 6 4 4 4 4 2 2
10 11 8 9 5 6 3 4
7 15 5 13 5 13 3 11
9 10 7 8 7 8 5 6
11 15 9 13 5 9 3 7
8 12 6 10 5 9 3 7
9 9 7 7 5 5 3 3
7 8 5 6 4 5 2 3
9 12 7 10 5 8 3 6
9 11 7 9 5 7 3 5
6 10 4 8 4 8 2 6
6 7 4 5 4 5 2 3
9 9 7 7 5 5 3 3
13 14 11 12 9 10 7 8
9 9 7 7 6 6 4 4
7 9 5 7 5 7 3 5
7 18 5 16 4 15 2 13
14 18 12 16 7 11 5 9
7 11 5 9 4 8 2 6
6 8 4 6 4 6 2 4
8 10 6 8 5 7 3 5
12 15 10 13 10 13 8 11
8 11 6 9 4 7 2 5
6 6 4 4 4 4 2 2
8 7 6 5 5 4 3 2
6 9 4 7 4 7 2 5
8 11 6 9 5 8 3 6
14 18 12 16 5 9 3 7
10 9 8 7 7 6 5 4
10 11 8 9 8 9 6 7
7 11 5 9 4 8 2 6
14 13 12 11 11 10 9 8
9 8 7 6 7 6 5 4
13 11 11 9 8 6 6 4
6 15 4 13 4 13 2 11
8 8 6 6 6 6 4 4
9 25 7 23 6 22 4 20
10 13 8 11 4 7 2 5
10 9 8 7 6 5 4 3
10 12 8 10 7 9 5 7
9 9 7 7 5 5 3 3
6 6 4 4 4 4 2 2
6 9 4 7 4 7 2 5
9 13 7 11 6 10 4 8
6 10 4 8 4 8 2 6
10 15 8 13 8 13 6 11
6 14 4 12 4 12 2 10
13 15 11 13 10 12 8 10
9 18 7 16 7 16 5 14
6 10 4 8 4 8 2 6
7 6 5 4 5 4 3 2
6 6 4 4 4 4 2 2
11 13 9 11 6 8 4 6
7 9 5 7 4 6 2 4
7 8 5 6 4 5 2 3
6 6 4 4 4 4 2 2
12 6 10 4 10 4 8 2
6 6 4 4 4 4 2 2
7 8 5 6 5 6 3 4
9 10 7 8 6 7 4 5
13 13 11 11 11 11 9 9
8 7 6 5 5 4 3 2
7 13 5 11 4 10 2 8
7 8 5 6 4 5 2 3
7 8 5 6 4 5 2 3
6 13 4 11 4 11 2 9
12 12 10 10 7 7 5 5
12 26 10 24 10 24 8 22
8 8 6 6 6 6 4 4
8 10 6 8 4 6 2 4
7 8 5 6 4 5 2 3
6 9 4 7 4 7 2 5
12 24 10 22 10 22 8 20
7 26 5 24 4 23 2 21
6 6 4 4 4 4 2 2
6 6 4 4 4 4 2 2
8 7 6 5 5 4 3 2
6 6 4 4 4 4 2 2
7 7 5 5 5 5 3 3
9 11 7 9 5 7 3 5
9 17 7 15 6 14 4 12
12 12 10 10 9 9 7 7
12 13 10 11 7 8 5 6
10 11 8 9 7 8 5 6
7 8 5 6 4 5 2 3
10 8 8 6 6 4 4 2
9 6 7 4 7 4 5 2
11 13 9 11 9 11 7 9
6 6 4 4 4 4 2 2
9 9 7 7 5 5 3 3
9 15 7 13 5 11 3 9
15 16 13 14 12 13 10 11
10 17 8 15 5 12 3 10
12 16 10 14 6 10 4 8
24 11 22 9 20 7 18 5
11 10 9 8 6 5 4 3
13 17 11 15 7 11 5 9
6 6 4 4 4 4 2 2
8 21 6 19 4 17 2 15
6 11 4 9 4 9 2 7
9 10 7 8 5 6 3 4
7 8 5 6 4 5 2 3
6 6 4 4 4 4 2 2
14 12 12 10 12 10 10 8
15 10 13 8 13 8 11 6
11 10 9 8 6 5 4 3
9 18 7 16 5 14 3 12
13 16 11 14 11 14 9 12
10 12 8 10 7 9 5 7
14 18 12 16 12 16 10 14
9 8 7 6 6 5 4 3
8 10 6 8 5 7 3 5
9 11 7 9 5 7 3 5
11 15 9 13 6 10 4 8
6 6 4 4 4 4 2 2
6 16 4 14 4 14 2 12
11 10 9 8 7 6 5 4
6 6 4 4 4 4 2 2
9 12 7 10 4 7 2 5
8 7 6 5 5 4 3 2
7 12 5 10 4 9 2 7
8 7 6 5 5 4 3 2
10 25 8 23 7 22 5 20
9 6 7 4 7 4 5 2
6 6 4 4 4 4 2 2
6 6 4 4 4 4 2 2
7 8 5 6 4 5 2 3
9 8 7 6 6 5 4 3
10 11 8 9 8 9 6 7
6 9 4 7 4 7 2 5
8 31 6 29 5 28 3 26
6 8 4 6 4 6 2 4
7 8 5 6 4 5 2 3
8 7 6 5 6 5 4 3
6 6 4 4 4 4 2 2
7 8 5 6 4 5 2 3
7 8 5 6 4 5 2 3
10 11 8 9 6 7 4 5
9 9 7 7 5 5 3 3
8 10 6 8 5 7 3 5
9 12 7 10 4 7 2 5
12 11 10 9 7 6 5 4
13 14 11 12 7 8 5 6
8 14 6 12 6 12 4 10
8 8 6 6 6 6 4 4
12 14 10 12 7 9 5 7
8 10 6 8 4 6 2 4
8 20 6 18 6 18 4 16
8 8 6 6 6 6 4 4
7 8 5 6 4 5 2 3
9 12 7 10 6 9 4 7
8 7 6 5 5 4 3 2
9 10 7 8 6 7 4 5
9 9 7 7 5 5 3 3
10 11 8 9 7 8 5 6
8 7 6 5 5 4 3 2
9 11 7 9 7 9 5 7
9 9 7 7 7 7 5 5
10 13 8 11 5 8 3 6
8 8 6 6 5 5 3 3
12 13 10 11 9 10 7 8
6 6 4 4 4 4 2 2
6 6 4 4 4 4 2 2
8 8 6 6 5 5 3 3
7 12 5 10 4 9 2 7
9 8 7 6 6 5 4 3
7 8 5 6 4 5 2 3
7 6 5 4 5 4 3 2
8 9 6 7 5 6 3 4
8 14 6 12 5 11 3 9
6 6 4 4 4 4 2 2
6 9 4 7 4 7 2 5
6 12 4 10 4 10 2 8
9 12 7 10 5 8 3 6
10 15 8 13 8 13 6 11
7 8 5 6 4 5 2 3
9 10 7 8 6 7 4 5
18 23 16 21 14 19 12 17
10 11 8 9 5 6 3 4
6 9 4 7 4 7 2 5
7 13 5 11 4 10 2 8
7 8 5 6 4 5 2 3
8 12 6 10 4 8 2 6
6 6 4 4 4 4 2 2
10 11 8 9 8 9 6 7
6 6 4 4 4 4 2 2
6 9 4 7 4 7 2 5
12 10 10 8 9 7 7 5
9 8 7 6 6 5 4 3
8 9 6 7 5 6 3 4
10 9 8 7 6 5 4 3
6 8 4 6 4 6 2 4
6 13 4 11 4 11 2 9
8 9 6 7 4 5 2 3
16 11 14 9 12 7 10 5
9 10 7 8 6 7 4 5
11 16 9 14 7 12 5 10
10 9 8 7 7 6 5 4
7 8 5 6 4 5 2 3
12 13 10 11 9 10 7 8
9 10 7 8 6 7 4 5
7 8 5 6 4 5 2 3
7 10 5 8 5 8 3 6
14 14 12 12 8 8 6 6
11 8 9 6 8 5 6 3
18 15 16 13 14 11 12 9
11 12 9 10 8 9 6 7
7 8 5 6 4 5 2 3
12 11 10 9 8 7 6 5
8 10 6 8 6 8 4 6
8 11 6 9 6 9 4 7
9 9 7 7 5 5 3 3
7 14 5 12 4 11 2 9
10 11 8 9 5 6 3 4
8 10 6 8 4 6 2 4
14 14 12 12 10 10 8 8
6 6 4 4 4 4 2 2
8 8 6 6 5 5 3 3
9 9 7 7 5 5 3 3
8 7 6 5 5 4 3 2
8 10 6 8 5 7 3 5
9 10 7 8 6 7 4 5
8 11 6 9 4 7 2 5
9 12 7 10 6 9 4 7
8 8 6 6 5 5 3 3
16 11 14 9 13 8 11 6
7 8 5 6 4 5 2 3
12 25 10 23 5 18 3 16
9 19 7 17 5 15 3 13
10 10 8 8 6 6 4 4
7 8 5 6 5 6 3 4
7 8 5 6 4 5 2 3
10 10 8 8 7 7 5 5
17 17 15 15 10 10 8 8
8 13 6 11 5 10 3 8
7 8 5 6 4 5 2 3
11 11 9 9 8 8 6 6
10 10 8 8 5 5 3 3
13 11 11 9 9 7 7 5
12 19 10 17 8 15 6 13
11 15 9 13 8 12 6 10
7 8 5 6 4 5 2 3
12 19 10 17 7 14 5 12
10 9 8 7 7 6 5 4
9 9 7 7 5 5 3 3
7 8 5 6 4 5 2 3
6 8 4 6 4 6 2 4
7 8 5 6 4 5 2 3
8 7 6 5 5 4 3 2
7 9 5 7 5 7 3 5
13 17 11 15 7 11 5 9
9 11 7 9 6 8 4 6
11 10 9 8 8 7 6 5
11 10 9 8 8 7 6 5
6 6 4 4 4 4 2 2
7 8 5 6 4 5 2 3
8 11 6 9 6 9 4 7
6 6 4 4 4 4 2 2
8 9 6 7 5 6 3 4
9 9 7 7 5 5 3 3
8 7 6 5 5 4 3 2
8 10 6 8 5 7 3 5
10 10 8 8 6 6 4 4
6 6 4 4 4 4 2 2
14 14 12 12 8 8 6 6
11 13 9 11 6 8 4 6
6 11 4 9 4 9 2 7
6 8 4 6 4 6 2 4
6 18 4 16 4 16 2 14
8 10 6 8 4 6 2 4
7 11 5 9 4 8 2 6
14 14 12 12 11 11 9 9
6 6 4 4 4 4 2 2
10 10 8 8 8 8 6 6
9 11 7 9 6 8 4 6
9 9 7 7 5 5 3 3
9 8 7 6 5 4 3 2
6 15 4 13 4 13 2 11
13 21 11 19 11 19 9 17
9 9 7 7 7 7 5 5
10 17 8 15 5 12 3 10
9 18 7 16 5 14 3 12
16 19 14 17 9 12 7 10
6 6 4 4 4 4 2 2
7 12 5 10 4 9 2 7
11 15 9 13 6 10 4 8
9 11 7 9 4 6 2 4
13 11 11 9 10 8 8 6
7 8 5 6 4 5 2 3
13 12 11 10 9 8 7 6
7 8 5 6 4 5 2 3
9 8 7 6 5 4 3 2
8 9 6 7 5 6 3 4
9 9 7 7 5 5 3 3
7 8 5 6 4 5 2 3
12 11 10 9 8 7 6 5
6 7 4 5 4 5 2 3
18 18 16 16 16 16 14 14
14 12 12 10 8 6 6 4
8 11 6 9 5 8 3 6
7 8 5 6 4 5 2 3
7 7 5 5 5 5 3 3
7 16 5 14 4 13 2 11
6 7 4 5 4 5 2 3
19 17 17 15 15 13 13 11
10 11 8 9 6 7 4 5
9 12 7 10 5 8 3 6
8 10 6 8 4 6 2 4
8 12 6 10 5 9 3 7
6 7 4 5 4 5 2 3
6 6 4 4 4 4 2 2
8 7 6 5 5 4 3 2
12 21 10 19 10 19 8 17
6 11 4 9 4 9 2 7
7 8 5 6 4 5 2 3
6 6 4 4 4 4 2 2
8 10 6 8 5 7 3 5
8 8 6 6 6 6 4 4
7 8 5 6 4 5 2 3
6 8 4 6 4 6 2 4
9 23 7 21 5 19 3 17
7 8 5 6 4 5 2 3
8 6 6 4 6 4 4 2
12 11 10 9 8 7 6 5
9 8 7 6 6 5 4 3
6 6 4 4 4 4 2 2
7 13 5 11 4 10 2 8
6 6 4 4 4 4 2 2
11 12 9 10 6 7 4 5
9 13 7 11 5 9 3 7
8 10 6 8 5 7 3 5
17 10 15 8 14 7 12 5
9 9 7 7 5 5 3 3
7 14 5 12 4 11 2 9
10 11 8 9 5 6 3 4
8 8 6 6 5 5 3 3
13 15 11 13 9 11 7 9
6 6 4 4 4 4 2 2
6 6 4 4 4 4 2 2
6 7 4 5 4 5 2 3
12 12 10 10 9 9 7 7
9 9 7 7 5 5 3 3
11 9 9 7 7 5 5 3
8 7 6 5 5 4 3 2
6 6 4 4 4 4 2 2
7 8 5 6 4 5 2 3
11 11 9 9 8 8 6 6
8 21 6 19 4 17 2 15
7 15 5 13 4 12 2 10
10 15 8 13 8 13 6 11
6 11 4 9 4 9 2 7
8 8 6 6 6 6 4 4
6 13 4 11 4 11 2 9
8 12 6 10 5 9 3 7
6 9 4 7 4 7 2 5
7 9 5 7 5 7 3 5
24 13 22 11 21 10 19 8
7 11 5 9 5 9 3 7
8 8 6 6 5 5 3 3
10 11 8 9 8 9 6 7
13 13 11 11 7 7 5 5
17 17 15 15 14 14 12 12
11 15 9 13 4 8 2 6
10 13 8 11 5 8 3 6
12 11 10 9 7 6 5 4
10 11 8 9 8 9 6 7
9 11 7 9 7 9 5 7
20 20 18 18 14 14 12 12
10 18 8 16 6 14 4 12
8 9 6 7 5 6 3 4
13 16 11 14 11 14 9 12
11 14 9 12 6 9 4 7
7 8 5 6 5 6 3 4
6 15 4 13 4 13 2 11
13 18 11 16 11 16 9 14
6 6 4 4 4 4 2 2
8 8 6 6 5 5 3 3
12 15 10 13 8 11 6 9
16 20 14 18 12 16 10 14
13 14 11 12 10 11 8 9
6 6 4 4 4 4 2 2
6 8 4 6 4 6 2 4
9 8 7 6 7 6 5 4
10 10 8 8 8 8 6 6
7 8 5 6 4 5 2 3
11 9 9 7 9 7 7 5
12 10 10 8 9 7 7 5
17 25 15 23 14 22 12 20
12 25 10 23 6 19 4 17
7 9 5 7 5 7 3 5
9 11 7 9 6 8 4 6
6 6 4 4 4 4 2 2
8 7 6 5 5 4 3 2
8 6 6 4 6 4 4 2
6 6 4 4 4 4 2 2
9 9 7 7 5 5 3 3
6 6 4 4 4 4 2 2
10 11 8 9 5 6 3 4
12 16 10 14 9 13 7 11
13 17 11 15 9 13 7 11
7 8 5 6 4 5 2 3
7 8 5 6 4 5 2 3
8 9 6 7 5 6 3 4
9 9 7 7 6 6 4 4
10 12 8 10 4 6 2 4
6 6 4 4 4 4 2 2
10 18 8 16 8 16 6 14
9 9 7 7 5 5 3 3
15 13 13 11 10 8 8 6
10 11 8 9 7 8 5 6
8 7 6 5 5 4 3 2
6 6 4 4 4 4 2 2
8 10 6 8 4 6 2 4
6 14 4 12 4 12 2 10
6 6 4 4 4 4 2 2
8 16 6 14 5 13 3 11
7 8 5 6 5 6 3 4
9 9 7 7 5 5 3 3
7 8 5 6 4 5 2 3
7 8 5 6 4 5 2 3
6 10 4 8 4 8 2 6
11 13 9 11 8 10 6 8
8 7 6 5 5 4 3 2
6 11 4 9 4 9 2 7
9 9 7 7 5 5 3 3
14 11 12 9 10 7 8 5
7 11 5 9 4 8 2 6
11 19 9 17 8 16 6 14
12 12 10 10 10 10 8 8
9 19 7 17 7 17 5 15
10 13 8 11 7 10 5 8
8 9 6 7 5 6 3 4
9 11 7 9 7 9 5 7
12 15 10 13 6 9 4 7
7 8 5 6 4 5 2 3
15 21 13 19 12 18 10 16
10 13 8 11 5 8 3 6
8 10 6 8 6 8 4 6
7 10 5 8 4 7 2 5
9 9 7 7 5 5 3 3
8 10 6 8 5 7 3 5
7 8 5 6 4 5 2 3
13 11 11 9 11 9 9 7
7 8 5 6 4 5 2 3
6 7 4 5 4 5 2 3
6 12 4 10 4 10 2 8
6 6 4 4 4 4 2 2
8 7 6 5 5 4 3 2
10 12 8 10 7 9 5 7
7 7 5 5 5 5 3 3
12 11 10 9 8 7 6 5
46 45 44 43 42 41 40 39
6 9 4 7 4 7 2 5
9 9 7 7 5 5 3 3
9 9 7 7 5 5 3 3
10 14 8 12 7 11 5 9
10 10 8 8 6 6 4 4
7 11 5 9 4 8 2 6
6 21 4 19 4 19 2 17
10 16 8 14 8 14 6 12
6 11 4 9 4 9 2 7
6 6 4 4 4 4 2 2
6 6 4 4 4 4 2 2
15 15 13 13 11 11 9 9
6 9 4 7 4 7 2 5
13 16 11 14 6 9 4 7
6 9 4 7 4 7 2 5
7 8 5 6 4 5 2 3
7 8 5 6 4 5 2 3
17 22 15 20 12 17 10 15
6 19 4 17 4 17 2 15
6 8 4 6 4 6 2 4
12 18 10 16 8 14 6 12
6 7 4 5 4 5 2 3
8 7 6 5 5 4 3 2
10 9 8 7 7 6 5 4
11 10 9 8 8 7 6 5
11 14 9 12 9 12 7 10
11 18 9 16 8 15 6 13
6 6 4 4 4 4 2 2
10 9 8 7 6 5 4 3
7 12 5 10 4 9 2 7
10 25 8 23 7 22 5 20
6 12 4 10 4 10 2 8
6 8 4 6 4 6 2 4
9 8 7 6 6 5 4 3
9 8 7 6 7 6 5 4
9 9 7 7 5 5 3 3
8 10 6 8 4 6 2 4
11 6 9 4 9 4 7 2
8 16 6 14 4 12 2 10
8 9 6 7 5 6 3 4
8 12 6 10 5 9 3 7
11 10 9 8 7 6 5 4
7 8 5 6 4 5 2 3
12 10 10 8 8 6 6 4
7 8 5 6 4 5 2 3
9 9 7 7 6 6 4 4
6 9 4 7 4 7 2 5
9 10 7 8 6 7 4 5
7 11 5 9 5 9 3 7
6 10 4 8 4 8 2 6
25 25 23 23 21 21 19 19
6 8 4 6 4 6 2 4
14 16 12 14 10 12 8 10
11 11 9 9 8 8 6 6
8 7 6 5 5 4 3 2
15 17 13 15 10 12 8 10
6 10 4 8 4 8 2 6
13 14 11 12 9 10 7 8
7 8 5 6 4 5 2 3
6 8 4 6 4 6 2 4
7 25 5 23 5 23 3 21
13 12 11 10 11 10 9 8
11 16 9 14 7 12 5 10
6 13 4 11 4 11 2 9
10 11 8 9 5 6 3 4
11 10 9 8 7 6 5 4
11 13 9 11 9 11 7 9
13 13 11 11 10 10 8 8
15 11 13 9 12 8 10 6
7 8 5 6 4 5 2 3
7 8 5 6 4 5 2 3
7 8 5 6 4 5 2 3
9 10 7 8 5 6 3 4
8 10 6 8 4 6 2 4
11 16 9 14 9 14 7 12
19 14 17 12 13 8 11 6
14 21 12 19 8 15 6 13
6 6 4 4 4 4 2 2
6 7 4 5 4 5 2 3
8 10 6 8 4 6 2 4
6 31 4 29 4 29 2 27
9 25 7 23 5 21 3 19
6 6 4 4 4 4 2 2
8 10 6 8 6 8 4 6
7 8 5 6 4 5 2 3
7 8 5 6 4 5 2 3
13 11 11 9 8 6 6 4
11 12 9 10 8 9 6 7
6 10 4 8 4 8 2 6
15 20 13 18 12 17 10 15
8 8 6 6 6 6 4 4
13 13 11 11 9 9 7 7
8 13 6 11 5 10 3 8
7 8 5 6 4 5 2 3
6 8 4 6 4 6 2 4
9 8 7 6 6 5 4 3
8 7 6 5 5 4 3 2
6 6 4 4 4 4 2 2
6 8 4 6 4 6 2 4
8 9 6 7 6 7 4 5
11 15 9 13 8 12 6 10
10 17 8 15 6 13 4 11
8 12 6 10 4 8 2 6
10 14 8 12 5 9 3 7
13 16 11 14 10 13 8 11
12 8 10 6 8 4 6 2
11 13 9 11 5 7 3 5
6 12 4 10 4 10 2 8
9 17 7 15 6 14 4 12
8 13 6 11 5 10 3 8
11 15 9 13 8 12 6 10
8 8 6 6 6 6 4 4
9 10 7 8 6 7 4 5
9 9 7 7 5 5 3 3
6 6 4 4 4 4 2 2
6 6 4 4 4 4 2 2
8 10 6 8 4 6 2 4
6 6 4 4 4 4 2 2
8 7 6 5 5 4 3 2
9 10 7 8 5 6 3 4
13 13 11 11 9 9 7 7
6 6 4 4 4 4 2 2
7 8 5 6 4 5 2 3
8 14 6 12 4 10 2 8
14 14 12 12 12 12 10 10
6 8 4 6 4 6 2 4
19 11 17 9 16 8 14 6
7 8 5 6 4 5 2 3
7 8 5 6 4 5 2 3
7 8 5 6 4 5 2 3
8 7 6 5 5 4 3 2
7 8 5 6 4 5 2 3
12 10 10 8 9 7 7 5
11 18 9 16 9 16 7 14
11 10 9 8 6 5 4 3
7 13 5 11 5 11 3 9
6 8 4 6 4 6 2 4
9 14 7 12 6 11 4 9
17 19 15 17 12 14 10 12
13 12 11 10 10 9 8 7
7 10 5 8 5 8 3 6
8 8 6 6 6 6 4 4
6 6 4 4 4 4 2 2
6 9 4 7 4 7 2 5
9 8 7 6 6 5 4 3
13 12 11 10 8 7 6 5
15 17 13 15 10 12 8 10
11 11 9 9 7 7 5 5
8 7 6 5 5 4 3 2
10 11 8 9 7 8 5 6
6 6 4 4 4 4 2 2
9 15 7 13 5 11 3 9
10 12 8 10 5 7 3 5
10 17 8 15 7 14 5 12
12 16 10 14 9 13 7 11
12 11 10 9 10 9 8 7
12 13 10 11 7 8 5 6
15 20 13 18 10 15 8 13
10 12 8 10 8 10 6 8
10 9 8 7 7 6 5 4
9 15 7 13 5 11 3 9
9 11 7 9 7 9 5 7
12 10 10 8 9 7 7 5
6 6 4 4 4 4 2 2
8 7 6 5 5 4 3 2
8 10 6 8 4 6 2 4
8 9 6 7 5 6 3 4
12 12 10 10 8 8 6 6
7 8 5 6 4 5 2 3
6 7 4 5 4 5 2 3
7 8 5 6 4 5 2 3
9 10 7 8 6 7 4 5
8 7 6 5 5 4 3 2
9 11 7 9 7 9 5 7
8 11 6 9 5 8 3 6
9 10 7 8 5 6 3 4
14 14 12 12 10 10 8 8
12 13 10 11 7 8 5 6
9 10 7 8 5 6 3 4
10 14 8 12 6 10 4 8
6 15 4 13 4 13 2 11
6 6 4 4 4 4 2 2
6 6 4 4 4 4 2 2
10 13 8 11 8 11 6 9
8 7 6 5 5 4 3 2
9 9 7 7 5 5 3 3
11 9 9 7 7 5 5 3
13 16 11 14 10 13 8 11
9 9 7 7 5 5 3 3
8 7 6 5 5 4 3 2
6 8 4 6 4 6 2 4
8 9 6 7 5 6 3 4
7 8 5 6 4 5 2 3
11 18 9 16 9 16 7 14
6 9 4 7 4 7 2 5
7 8 5 6 4 5 2 3
20 15 18 13 14 9 12 7
11 8 9 6 9 6 7 4
6 9 4 7 4 7 2 5
9 9 7 7 5 5 3 3
8 7 6 5 5 4 3 2
6 6 4 4 4 4 2 2
8 8 6 6 6 6 4 4
7 8 5 6 4 5 2 3
8 8 6 6 6 6 4 4
8 8 6 6 6 6 4 4
6 6 4 4 4 4 2 2
8 10 6 8 5 7 3 5
9 25 7 23 5 21 3 19
19 17 17 15 12 10 10 8
7 8 5 6 4 5 2 3
9 9 7 7 5 5 3 3
13 15 11 13 9 11 7 9
8 9 6 7 5 6 3 4
17 14 15 12 13 10 11 8
10 23 8 21 7 20 5 18
8 10 6 8 5 7 3 5
11 31 9 29 7 27 5 25
21 23 19 21 14 16 12 14
8 13 6 11 5 10 3 8
9 12 7 10 5 8 3 6
11 12 9 10 8 9 6 7
10 9 8 7 7 6 5 4
8 10 6 8 6 8 4 6
8 9 6 7 6 7 4 5
16 19 14 17 9 12 7 10
9 12 7 10 5 8 3 6
10 10 8 8 8 8 6 6
11 29 9 27 8 26 6 24
10 12 8 10 5 7 3 5
7 8 5 6 4 5 2 3
8 12 6 10 6 10 4 8
8 10 6 8 4 6 2 4
8 10 6 8 4 6 2 4
6 6 4 4 4 4 2 2
8 10 6 8 5 7 3 5
9 11 7 9 5 7 3 5
9 8 7 6 6 5 4 3
14 12 12 10 9 7 7 5
9 8 7 6 6 5 4 3
9 9 7 7 5 5 3 3
12 8 10 6 9 5 7 3
8 7 6 5 5 4 3 2
8 8 6 6 5 5 3 3
11 11 9 9 9 9 7 7
13 12 11 10 9 8 7 6
9 10 7 8 5 6 3 4
13 13 11 11 11 11 9 9
7 7 5 5 5 5 3 3
7 11 5 9 4 8 2 6
6 6 4 4 4 4 2 2
9 21 7 19 5 17 3 15
10 11 8 9 6 7 4 5
8 9 6 7 5 6 3 4
15 16 13 14 12 13 10 11
7 9 5 7 4 6 2 4
8 9 6 7 5 6 3 4
6 8 4 6 4 6 2 4
6 7 4 5 4 5 2 3
7 8 5 6 4 5 2 3
9 9 7 7 6 6 4 4
7 8 5 6 5 6 3 4
9 13 7 11 6 10 4 8
14 19 12 17 10 15 8 13
8 10 6 8 6 8 4 6
9 10 7 8 5 6 3 4
8 17 6 15 5 14 3 12
7 13 5 11 4 10 2 8
10 29 8 27 6 25 4 23
8 9 6 7 5 6 3 4
9 9 7 7 5 5 3 3
13 13 11 11 10 10 8 8
7 8 5 6 4 5 2 3
8 7 6 5 5 4 3 2
8 8 6 6 5 5 3 3
10 10 8 8 7 7 5 5
9 13 7 11 5 9 3 7
10 20 8 18 4 14 2 12
9 9 7 7 5 5 3 3
7 11 5 9 4 8 2 6
9 14 7 12 5 10 3 8
23 17 21 15 20 14 18 12
8 8 6 6 6 6 4 4
8 7 6 5 5 4 3 2
8 8 6 6 6 6 4 4
8 12 6 10 6 10 4 8
8 37 6 35 6 35 4 33
14 20 12 18 11 17 9 15
8 8 6 6 5 5 3 3
9 9 7 7 5 5 3 3
12 13 10 11 7 8 5 6
6 18 4 16 4 16 2 14
8 8 6 6 6 6 4 4
6 6 4 4 4 4 2 2
27 27 25 25 23 23 21 21
7 20 5 18 4 17 2 15
6 7 4 5 4 5 2 3
10 13 8 11 5 8 3 6
8 8 6 6 5 5 3 3
7 14 5 12 5 12 3 10
9 12 7 10 4 7 2 5
12 11 10 9 10 9 8 7
6 8 4 6 4 6 2 4
7 15 5 13 4 12 2 10
7 14 5 12 4 11 2 9
7 8 5 6 4 5 2 3
7 8 5 6 4 5 2 3
6 6 4 4 4 4 2 2
9 14 7 12 4 9 2 7
9 15 7 13 6 12 4 10
9 9 7 7 5 5 3 3
7 8 5 6 4 5 2 3
9 9 7 7 5 5 3 3
6 6 4 4 4 4 2 2
6 6 4 4 4 4 2 2
9 11 7 9 6 8 4 6
10 11 8 9 6 7 4 5
7 8 5 6 4 5 2 3
10 9 8 7 8 7 6 5
6 10 4 8 4 8 2 6
8 9 6 7 5 6 3 4
6 9 4 7 4 7 2 5
12 12 10 10 10 10 8 8
6 12 4 10 4 10 2 8
8 8 6 6 6 6 4 4
10 8 8 6 6 4 4 2
6 6 4 4 4 4 2 2
7 8 5 6 4 5 2 3
7 8 5 6 5 6 3 4
6 17 4 15 4 15 2 13
6 11 4 9 4 9 2 7
6 10 4 8 4 8 2 6
8 9 6 7 5 6 3 4
8 12 6 10 5 9 3 7
10 12 8 10 8 10 6 8
8 7 6 5 5 4 3 2
8 6 6 4 6 4 4 2
29 20 27 18 27 18 25 16
8 7 6 5 6 5 4 3
7 19 5 17 5 17 3 15
8 16 6 14 4 12 2 10
12 27 10 25 9 24 7 22
6 6 4 4 4 4 2 2
7 8 5 6 4 5 2 3
7 16 5 14 5 14 3 12
19 20 17 18 17 18 15 16
6 6 4 4 4 4 2 2
17 12 15 10 12 7 10 5
6 6 4 4 4 4 2 2
6 7 4 5 4 5 2 3
6 7 4 5 4 5 2 3
13 14 11 12 10 11 8 9
8 10 6 8 4 6 2 4
6 17 4 15 4 15 2 13
7 11 5 9 5 9 3 7
7 8 5 6 4 5 2 3
7 8 5 6 4 5 2 3
8 10 6 8 6 8 4 6
11 13 9 11 6 8 4 6
6 6 4 4 4 4 2 2
7 8 5 6 4 5 2 3
8 7 6 5 5 4 3 2
6 10 4 8 4 8 2 6
10 27 8 25 5 22 3 20
7 8 5 6 4 5 2 3
6 22 4 20 4 20 2 18
7 8 5 6 4 5 2 3
7 8 5 6 4 5 2 3
8 10 6 8 4 6 2 4
8 12 6 10 5 9 3 7
8 9 6 7 5 6 3 4
17 10 15 8 14 7 12 5
12 9 10 7 9 6 7 4
8 36 6 34 5 33 3 31
6 9 4 7 4 7 2 5
11 13 9 11 5 7 3 5
9 21 7 19 6 18 4 16
12 15 10 13 5 8 3 6
9 12 7 10 5 8 3 6
6 9 4 7 4 7 2 5
8 8 6 6 5 5 3 3
9 10 7 8 6 7 4 5
19 20 17 18 13 14 11 12
7 8 5 6 4 5 2 3
8 7 6 5 5 4 3 2
18 21 16 19 13 16 11 14
7 8 5 6 4 5 2 3
9 9 7 7 5 5 3 3
9 7 7 5 6 4 4 2
9 12 7 10 6 9 4 7
6 8 4 6 4 6 2 4
8 8 6 6 6 6 4 4
9 9 7 7 5 5 3 3
10 10 8 8 8 8 6 6
8 14 6 12 6 12 4 10
10 18 8 16 6 14 4 12
9 10 7 8 5 6 3 4
7 20 5 18 4 17 2 15
9 11 7 9 5 7 3 5
10 12 8 10 6 8 4 6
7 8 5 6 4 5 2 3
10 11 8 9 5 6 3 4
12 12 10 10 7 7 5 5
6 11 4 9 4 9 2 7
10 8 8 6 7 5 5 3
17 31 15 29 14 28 12 26
7 8 5 6 4 5 2 3
18 20 16 18 15 17 13 15
8 7 6 5 5 4 3 2
6 6 4 4 4 4 2 2
6 6 4 4 4 4 2 2
8 7 6 5 5 4 3 2
9 11 7 9 5 7 3 5
8 12 6 10 5 9 3 7
10 10 8 8 8 8 6 6
7 8 5 6 4 5 2 3
8 9 6 7 5 6 3 4
6 8 4 6 4 6 2 4
6 6 4 4 4 4 2 2
7 10 5 8 4 7 2 5
9 9 7 7 5 5 3 3
6 6 4 4 4 4 2 2
7 14 5 12 4 11 2 9
11 12 9 10 7 8 5 6
12 12 10 10 9 9 7 7
12 13 10 11 9 10 7 8
8 7 6 5 5 4 3 2
9 12 7 10 7 10 5 8
14 11 12 9 12 9 10 7
12 18 10 16 9 15 7 13
8 25 6 23 5 22 3 20
8 13 6 11 6 11 4 9
10 13 8 11 5 8 3 6
9 9 7 7 6 6 4 4
9 10 7 8 4 5 2 3
12 12 10 10 8 8 6 6
13 25 11 23 10 22 8 20
7 8 5 6 4 5 2 3
7 20 5 18 5 18 3 16
6 6 4 4 4 4 2 2
8 7 6 5 5 4 3 2
13 15 11 13 8 10 6 8
9 16 7 14 5 12 3 10
8 9 6 7 5 6 3 4
14 21 12 19 10 17 8 15
7 8 5 6 5 6 3 4
8 10 6 8 5 7 3 5
8 10 6 8 5 7 3 5
6 14 4 12 4 12 2 10
7 11 5 9 5 9 3 7
8 9 6 7 5 6 3 4
14 15 12 13 9 10 7 8
6 7 4 5 4 5 2 3
6 6 4 4 4 4 2 2
8 19 6 17 5 16 3 14
18 25 16 23 5 12 3 10
18 22 16 20 12 16 10 14
8 30 6 28 6 28 4 26
6 9 4 7 4 7 2 5
6 9 4 7 4 7 2 5
18 17 16 15 10 9 8 7
6 6 4 4 4 4 2 2
10 20 8 18 6 16 4 14
8 11 6 9 4 7 2 5
8 7 6 5 5 4 3 2
6 6 4 4 4 4 2 2
6 6 4 4 4 4 2 2
8 13 6 11 6 11 4 9
9 9 7 7 5 5 3 3
8 8 6 6 6 6 4 4
8 7 6 5 5 4 3 2
11 12 9 10 7 8 5 6
7 8 5 6 4 5 2 3
7 8 5 6 4 5 2 3
8 7 6 5 5 4 3 2
10 9 8 7 8 7 6 5
8 8 6 6 6 6 4 4
18 20 16 18 10 12 8 10
7 17 5 15 5 15 3 13
6 6 4 4 4 4 2 2
8 12 6 10 6 10 4 8
7 11 5 9 5 9 3 7
9 19 7 17 4 14 2 12
12 9 10 7 9 6 7 4
6 6 4 4 4 4 2 2
11 16 9 14 8 13 6 11
9 16 7 14 5 12 3 10
13 20 11 18 10 17 8 15
6 6 4 4 4 4 2 2
14 14 12 12 7 7 5 5
19 18 17 16 14 13 12 11
6 8 4 6 4 6 2 4
11 12 9 10 5 6 3 4
7 12 5 10 5 10 3 8
12 12 10 10 6 6 4 4
11 12 9 10 8 9 6 7
6 9 4 7 4 7 2 5
13 14 11 12 10 11 8 9
21 15 19 13 18 12 16 10
12 11 10 9 6 5 4 3
6 6 4 4 4 4 2 2
11 13 9 11 6 8 4 6
9 12 7 10 4 7 2 5
11 12 9 10 5 6 3 4
23 20 21 18 21 18 19 16
7 22 5 20 4 19 2 17
6 6 4 4 4 4 2 2
13 15 11 13 9 11 7 9
6 7 4 5 4 5 2 3
6 6 4 4 4 4 2 2
13 14 11 12 10 11 8 9
6 6 4 4 4 4 2 2
6 8 4 6 4 6 2 4
6 10 4 8 4 8 2 6
8 9 6 7 6 7 4 5
6 9 4 7 4 7 2 5
7 8 5 6 4 5 2 3
6 8 4 6 4 6 2 4
8 10 6 8 5 7 3 5
7 8 5 6 4 5 2 3
6 6 4 4 4 4 2 2
8 10 6 8 4 6 2 4
7 10 5 8 4 7 2 5
7 11 5 9 4 8 2 6
6 6 4 4 4 4 2 2
13 18 11 16 11 16 9 14
7 8 5 6 4 5 2 3
7 8 5 6 4 5 2 3
6 9 4 7 4 7 2 5
13 14 11 12 11 12 9 10
6 9 4 7 4 7 2 5
15 29 13 27 11 25 9 23
6 11 4 9 4 9 2 7
9 9 7 7 7 7 5 5
6 6 4 4 4 4 2 2
7 8 5 6 4 5 2 3
6 6 4 4 4 4 2 2
8 11 6 9 5 8 3 6
6 7 4 5 4 5 2 3
6 11 4 9 4 9 2 7
6 6 4 4 4 4 2 2
8 8 6 6 5 5 3 3
6 7 4 5 4 5 2 3
7 9 5 7 5 7 3 5
8 8 6 6 5 5 3 3
8 9 6 7 5 6 3 4
8 12 6 10 5 9 3 7
6 24 4 22 4 22 2 20
10 14 8 12 8 12 6 10
6 17 4 15 4 15 2 13
6 6 4 4 4 4 2 2
6 6 4 4 4 4 2 2
6 6 4 4 4 4 2 2
10 11 8 9 7 8 5 6
6 7 4 5 4 5 2 3
6 6 4 4 4 4 2 2
11 11 9 9 6 6 4 4
6 6 4 4 4 4 2 2
7 8 5 6 4 5 2 3
6 6 4 4 4 4 2 2
6 6 4 4 4 4 2 2
9 11 7 9 7 9 5 7
8 12 6 10 5 9 3 7
6 6 4 4 4 4 2 2
6 7 4 5 4 5 2 3
7 8 5 6 4 5 2 3
8 10 6 8 5 7 3 5
10 8 8 6 7 5 5 3
8 10 6 8 4 6 2 4
15 15 13 13 11 11 9 9
8 9 6 7 6 7 4 5
10 14 8 12 7 11 5 9
8 8 6 6 5 5 3 3
8 9 6 7 5 6 3 4
6 10 4 8 4 8 2 6
6 11 4 9 4 9 2 7
11 17 9 15 8 14 6 12
8 20 6 18 5 17 3 15
10 10 8 8 6 6 4 4
13 15 11 13 8 10 6 8
11 17 9 15 9 15 7 13
10 17 8 15 7 14 5 12
6 8 4 6 4 6 2 4
8 8 6 6 6 6 4 4
10 19 8 17 8 17 6 15
8 7 6 5 5 4 3 2
6 6 4 4 4 4 2 2
8 10 6 8 5 7 3 5
6 6 4 4 4 4 2 2
7 8 5 6 4 5 2 3
11 10 9 8 6 5 4 3
6 6 4 4 4 4 2 2
6 6 4 4 4 4 2 2
8 18 6 16 6 16 4 14
8 8 6 6 6 6 4 4
7 8 5 6 4 5 2 3
8 21 6 19 6 19 4 17
14 15 12 13 7 8 5 6
6 8 4 6 4 6 2 4
12 13 10 11 8 9 6 7
8 10 6 8 5 7 3 5
6 11 4 9 4 9 2 7
7 8 5 6 4 5 2 3
6 6 4 4 4 4 2 2
7 8 5 6 4 5 2 3
6 6 4 4 4 4 2 2
9 11 7 9 6 8 4 6
6 6 4 4 4 4 2 2
8 9 6 7 5 6 3 4
9 7 7 5 6 4 4 2
10 13 8 11 7 10 5 8
6 6 4 4 4 4 2 2
8 7 6 5 5 4 3 2
6 6 4 4 4 4 2 2
7 12 5 10 4 9 2 7
6 6 4 4 4 4 2 2
12 12 10 10 10 10 8 8
7 8 5 6 4 5 2 3
10 9 8 7 7 6 5 4
6 6 4 4 4 4 2 2
6 6 4 4 4 4 2 2
8 8 6 6 6 6 4 4
10 11 8 9 8 9 6 7
6 20 4 18 4 18 2 16
7 11 5 9 4 8 2 6
12 15 10 13 6 9 4 7
8 10 6 8 4 6 2 4
6 6 4 4 4 4 2 2
7 9 5 7 4 6 2 4
6 6 4 4 4 4 2 2
9 10 7 8 6 7 4 5
6 6 4 4 4 4 2 2
6 6 4 4 4 4 2 2
8 7 6 5 5 4 3 2
8 10 6 8 5 7 3 5
6 7 4 5 4 5 2 3
7 10 5 8 4 7 2 5
9 12 7 10 6 9 4 7
8 7 6 5 5 4 3 2
7 8 5 6 4 5 2 3
8 8 6 6 6 6 4 4
7 8 5 6 4 5 2 3
10 11 8 9 6 7 4 5
6 6 4 4 4 4 2 2
6 7 4 5 4 5 2 3
11 16 9 14 4 9 2 7
15 22 13 20 5 12 3 10
12 12 10 10 9 9 7 7
6 6 4 4 4 4 2 2
6 8 4 6 4 6 2 4
6 6 4 4 4 4 2 2
11 9 9 7 7 5 5 3
10 10 8 8 8 8 6 6
8 10 6 8 5 7 3 5
12 14 10 12 10 12 8 10
12 21 10 19 9 18 7 16
11 10 9 8 6 5 4 3
9 12 7 10 4 7 2 5
7 8 5 6 4 5 2 3
10 16 8 14 5 11 3 9
6 6 4 4 4 4 2 2
7 12 5 10 4 9 2 7
6 10 4 8 4 8 2 6
6 17 4 15 4 15 2 13
9 8 7 6 7 6 5 4
6 6 4 4 4 4 2 2
10 11 8 9 6 7 4 5
11 11 9 9 6 6 4 4
12 17 10 15 9 14 7 12
6 8 4 6 4 6 2 4
7 8 5 6 4 5 2 3
7 8 5 6 4 5 2 3
8 12 6 10 5 9 3 7
9 8 7 6 6 5 4 3
7 11 5 9 4 8 2 6
10 12 8 10 6 8 4 6
9 14 7 12 7 12 5 10
9 12 7 10 6 9 4 7
8 8 6 6 5 5 3 3
9 17 7 15 6 14 4 12
12 12 10 10 10 10 8 8
10 13 8 11 7 10 5 8
10 17 8 15 6 13 4 11
6 9 4 7 4 7 2 5
10 8 8 6 7 5 5 3
7 8 5 6 4 5 2 3
7 8 5 6 4 5 2 3
7 8 5 6 4 5 2 3
6 6 4 4 4 4 2 2
9 10 7 8 6 7 4 5
6 6 4 4 4 4 2 2
6 9 4 7 4 7 2 5
8 12 6 10 5 9 3 7
9 9 7 7 5 5 3 3
7 17 5 15 5 15 3 13
11 16 9 14 8 13 6 11
31 27 29 25 26 22 24 20
10 11 8 9 5 6 3 4
11 22 9 20 6 17 4 15
6 7 4 5 4 5 2 3
10 8 8 6 7 5 5 3
6 17 4 15 4 15 2 13
8 12 6 10 6 10 4 8
7 14 5 12 4 11 2 9
9 12 7 10 5 8 3 6
6 8 4 6 4 6 2 4
7 11 5 9 4 8 2 6
7 9 5 7 4 6 2 4
9 9 7 7 5 5 3 3
8 11 6 9 4 7 2 5
9 14 7 12 6 11 4 9
7 8 5 6 4 5 2 3
6 7 4 5 4 5 2 3
6 6 4 4 4 4 2 2
8 16 6 14 6 14 4 12
10 13 8 11 7 10 5 8
7 9 5 7 5 7 3 5
9 14 7 12 6 11 4 9
6 6 4 4 4 4 2 2
20 20 18 18 18 18 16 16
18 16 16 14 14 12 12 10
10 16 8 14 8 14 6 12
8 13 6 11 4 9 2 7
11 24 9 22 7 20 5 18
6 12 4 10 4 10 2 8
9 9 7 7 5 5 3 3
15 18 13 16 10 13 8 11
6 12 4 10 4 10 2 8
7 8 5 6 4 5 2 3
14 14 12 12 11 11 9 9
13 14 11 12 9 10 7 8
10 19 8 17 8 17 6 15
6 9 4 7 4 7 2 5
6 6 4 4 4 4 2 2
6 6 4 4 4 4 2 2
8 7 6 5 5 4 3 2
8 7 6 5 5 4 3 2
10 13 8 11 8 11 6 9
10 26 8 24 8 24 6 22
8 12 6 10 5 9 3 7
16 14 14 12 10 8 8 6
8 7 6 5 5 4 3 2
12 16 10 14 9 13 7 11
9 10 7 8 6 7 4 5
6 7 4 5 4 5 2 3
7 9 5 7 4 6 2 4
6 9 4 7 4 7 2 5
6 8 4 6 4 6 2 4
7 8 5 6 4 5 2 3
10 25 8 23 4 19 2 17
8 15 6 13 6 13 4 11
6 6 4 4 4 4 2 2
8 9 6 7 5 6 3 4
6 6 4 4 4 4 2 2
6 6 4 4 4 4 2 2
6 8 4 6 4 6 2 4
18 22 16 20 15 19 13 17
6 13 4 11 4 11 2 9
7 8 5 6 4 5 2 3
20 28 18 26 18 26 16 24
10 12 8 10 7 9 5 7
8 8 6 6 5 5 3 3
6 17 4 15 4 15 2 13
15 23 13 21 11 19 9 17
6 8 4 6 4 6 2 4
9 11 7 9 5 7 3 5
8 6 6 4 6 4 4 2
7 8 5 6 4 5 2 3
8 7 6 5 5 4 3 2
6 6 4 4 4 4 2 2
8 9 6 7 4 5 2 3
6 7 4 5 4 5 2 3
6 6 4 4 4 4 2 2
12 16 10 14 10 14 8 12
6 13 4 11 4 11 2 9
10 11 8 9 7 8 5 6
6 10 4 8 4 8 2 6
6 6 4 4 4 4 2 2
8 7 6 5 5 4 3 2
8 10 6 8 5 7 3 5
8 17 6 15 4 13 2 11
6 10 4 8 4 8 2 6
6 8 4 6 4 6 2 4
8 12 6 10 6 10 4 8
22 22 20 20 18 18 16 16
7 9 5 7 4 6 2 4
7 8 5 6 4 5 2 3
8 8 6 6 5 5 3 3
6 6 4 4 4 4 2 2
8 11 6 9 6 9 4 7
6 6 4 4 4 4 2 2
7 9 5 7 4 6 2 4
7 10 5 8 5 8 3 6
10 10 8 8 7 7 5 5
7 8 5 6 4 5 2 3
6 6 4 4 4 4 2 2
7 9 5 7 5 7 3 5
6 12 4 10 4 10 2 8
6 6 4 4 4 4 2 2
8 11 6 9 4 7 2 5
7 12 5 10 5 10 3 8
7 10 5 8 5 8 3 6
6 6 4 4 4 4 2 2
6 6 4 4 4 4 2 2
8 10 6 8 5 7 3 5
8 8 6 6 5 5 3 3
6 6 4 4 4 4 2 2
7 8 5 6 4 5 2 3
10 21 8 19 8 19 6 17
7 8 5 6 4 5 2 3
7 8 5 6 4 5 2 3
7 8 5 6 4 5 2 3
7 11 5 9 5 9 3 7
9 9 7 7 7 7 5 5
6 11 4 9 4 9 2 7
13 14 11 12 10 11 8 9
7 8 5 6 4 5 2 3
7 8 5 6 5 6 3 4
10 6 8 4 8 4 6 2
9 11 7 9 7 9 5 7
6 9 4 7 4 7 2 5
7 8 5 6 4 5 2 3
6 10 4 8 4 8 2 6
8 11 6 9 5 8 3 6
6 8 4 6 4 6 2 4
8 8 6 6 5 5 3 3
10 18 8 16 5 13 3 11
6 6 4 4 4 4 2 2
7 12 5 10 5 10 3 8
6 20 4 18 4 18 2 16
8 7 6 5 5 4 3 2
6 7 4 5 4 5 2 3
7 8 5 6 4 5 2 3
9 12 7 10 5 8 3 6
9 12 7 10 5 8 3 6
9 12 7 10 5 8 3 6
8 19 6 17 5 16 3 14
9 18 7 16 7 16 5 14
7 8 5 6 4 5 2 3
15 17 13 15 12 14 10 12
17 18 15 16 13 14 11 12
6 6 4 4 4 4 2 2
7 8 5 6 5 6 3 4
6 21 4 19 4 19 2 17
6 6 4 4 4 4 2 2
7 8 5 6 4 5 2 3
8 11 6 9 5 8 3 6
6 17 4 15 4 15 2 13
7 8 5 6 5 6 3 4
8 15 6 13 4 11 2 9
6 10 4 8 4 8 2 6
6 10 4 8 4 8 2 6
6 10 4 8 4 8 2 6
6 10 4 8 4 8 2 6
6 9 4 7 4 7 2 5
8 8 6 6 5 5 3 3
7 11 5 9 4 8 2 6
6 6 4 4 4 4 2 2
9 9 7 7 5 5 3 3
8 7 6 5 5 4 3 2
6 6 4 4 4 4 2 2
12 13 10 11 7 8 5 6
8 10 6 8 4 6 2 4
9 27 7 25 7 25 5 23
6 9 4 7 4 7 2 5
6 6 4 4 4 4 2 2
9 14 7 12 6 11 4 9
8 14 6 12 5 11 3 9
17 16 15 14 13 12 11 10
7 10 5 8 4 7 2 5
6 6 4 4 4 4 2 2
6 7 4 5 4 5 2 3
14 18 12 16 11 15 9 13
6 9 4 7 4 7 2 5
9 10 7 8 7 8 5 6
9 9 7 7 5 5 3 3
6 6 4 4 4 4 2 2
7 12 5 10 5 10 3 8
6 7 4 5 4 5 2 3
6 7 4 5 4 5 2 3
6 6 4 4 4 4 2 2
11 10 9 8 7 6 5 4
6 11 4 9 4 9 2 7
7 9 5 7 5 7 3 5
9 28 7 26 4 23 2 21
7 8 5 6 4 5 2 3
6 22 4 20 4 20 2 18
12 16 10 14 10 14 8 12
9 9 7 7 5 5 3 3
9 12 7 10 6 9 4 7
9 13 7 11 5 9 3 7
6 10 4 8 4 8 2 6
6 8 4 6 4 6 2 4
6 6 4 4 4 4 2 2
10 13 8 11 7 10 5 8
8 8 6 6 5 5 3 3
6 7 4 5 4 5 2 3
10 10 8 8 7 7 5 5
6 7 4 5 4 5 2 3
6 9 4 7 4 7 2 5
8 9 6 7 5 6 3 4
11 17 9 15 6 12 4 10
7 9 5 7 4 6 2 4
6 7 4 5 4 5 2 3
6 6 4 4 4 4 2 2
6 7 4 5 4 5 2 3
6 6 4 4 4 4 2 2
11 15 9 13 4 8 2 6
6 6 4 4 4 4 2 2
6 18 4 16 4 16 2 14
6 9 4 7 4 7 2 5
11 9 9 7 7 5 5 3
15 18 13 16 12 15 10 13
7 9 5 7 4 6 2 4
12 16 10 14 10 14 8 12
14 7 12 5 12 5 10 3
9 10 7 8 6 7 4 5
9 8 7 6 6 5 4 3
9 10 7 8 5 6 3 4
10 6 8 4 8 4 6 2
7 11 5 9 4 8 2 6
6 7 4 5 4 5 2 3
8 7 6 5 5 4 3 2
8 7 6 5 5 4 3 2
6 8 4 6 4 6 2 4
6 8 4 6 4 6 2 4
18 16 16 14 16 14 14 12
7 9 5 7 4 6 2 4
6 10 4 8 4 8 2 6
8 15 6 13 5 12 3 10
8 22 6 20 5 19 3 17
11 15 9 13 5 9 3 7
7 8 5 6 4 5 2 3
8 11 6 9 5 8 3 6
10 7 8 5 8 5 6 3
7 8 5 6 4 5 2 3
6 8 4 6 4 6 2 4
8 22 6 20 5 19 3 17
12 9 10 7 9 6 7 4
7 17 5 15 5 15 3 13
6 6 4 4 4 4 2 2
8 24 6 22 5 21 3 19
12 12 10 10 6 6 4 4
10 14 8 12 6 10 4 8
7 8 5 6 4 5 2 3
10 14 8 12 7 11 5 9
9 12 7 10 4 7 2 5
11 11 9 9 6 6 4 4
7 7 5 5 5 5 3 3
13 7 11 5 10 4 8 2
8 10 6 8 5 7 3 5
7 8 5 6 4 5 2 3
6 6 4 4 4 4 2 2
6 11 4 9 4 9 2 7
12 8 10 6 9 5 7 3
15 24 13 22 10 19 8 17
10 16 8 14 8 14 6 12
12 12 10 10 6 6 4 4
21 17 19 15 14 10 12 8
8 10 6 8 6 8 4 6
10 8 8 6 8 6 6 4
10 13 8 11 5 8 3 6
8 7 6 5 5 4 3 2
6 8 4 6 4 6 2 4
9 6 7 4 7 4 5 2
10 8 8 6 7 5 5 3
11 19 9 17 8 16 6 14
6 6 4 4 4 4 2 2
6 8 4 6 4 6 2 4
16 19 14 17 13 16 11 14
7 8 5 6 5 6 3 4
9 9 7 7 7 7 5 5
10 13 8 11 7 10 5 8
6 -2 4 -4 4 -4 2 -6
8 10 6 8 4 6 2 4
6 6 4 4 4 4 2 2
6 6 4 4 4 4 2 2
8 10 6 8 4 6 2 4
9 9 7 7 5 5 3 3
7 8 5 6 4 5 2 3
8 9 6 7 5 6 3 4
6 6 4 4 4 4 2 2
8 7 6 5 5 4 3 2
6 6 4 4 4 4 2 2
6 6 4 4 4 4 2 2
6 6 4 4 4 4 2 2
6 6 4 4 4 4 2 2
7 8 5 6 4 5 2 3
12 15 10 13 10 13 8 11
9 11 7 9 4 6 2 4
7 8 5 6 4 5 2 3
10 17 8 15 5 12 3 10
6 6 4 4 4 4 2 2
7 9 5 7 4 6 2 4
6 8 4 6 4 6 2 4
6 7 4 5 4 5 2 3
6 6 4 4 4 4 2 2
6 7 4 5 4 5 2 3
9 9 7 7 5 5 3 3
7 8 5 6 5 6 3 4
6 6 4 4 4 4 2 2
6 8 4 6 4 6 2 4
15 19 13 17 5 9 3 7
9 10 7 8 7 8 5 6
10 10 8 8 6 6 4 4
9 12 7 10 5 8 3 6
9 10 7 8 7 8 5 6
11 14 9 12 7 10 5 8
10 19 8 17 7 16 5 14
7 8 5 6 5 6 3 4
7 8 5 6 4 5 2 3
12 9 10 7 7 4 5 2
19 42 17 40 16 39 14 37
12 19 10 17 8 15 6 13
7 8 5 6 4 5 2 3
7 14 5 12 4 11 2 9
7 9 5 7 4 6 2 4
12 8 10 6 9 5 7 3
13 14 11 12 11 12 9 10
9 9 7 7 5 5 3 3
11 10 9 8 8 7 6 5
6 8 4 6 4 6 2 4
8 10 6 8 5 7 3 5
8 7 6 5 5 4 3 2
7 6 5 4 5 4 3 2
6 7 4 5 4 5 2 3
8 10 6 8 5 7 3 5
9 12 7 10 7 10 5 8
13 14 11 12 7 8 5 6
8 7 6 5 5 4 3 2
11 22 9 20 7 18 5 16
7 8 5 6 4 5 2 3
6 7 4 5 4 5 2 3
8 16 6 14 5 13 3 11
13 12 11 10 7 6 5 4
7 18 5 16 4 15 2 13
9 7 7 5 6 4 4 2
6 11 4 9 4 9 2 7
7 11 5 9 4 8 2 6
8 9 6 7 5 6 3 4
14 18 12 16 11 15 9 13
8 9 6 7 5 6 3 4
10 15 8 13 6 11 4 9
7 8 5 6 4 5 2 3
6 6 4 4 4 4 2 2
9 10 7 8 6 7 4 5
6 6 4 4 4 4 2 2
6 6 4 4 4 4 2 2
10 19 8 17 7 16 5 14
9 10 7 8 6 7 4 5
22 50 20 48 19 47 17 45
7 19 5 17 4 16 2 14
10 14 8 12 6 10 4 8
11 11 9 9 7 7 5 5
8 9 6 7 5 6 3 4
7 8 5 6 4 5 2 3
14 16 12 14 12 14 10 12
11 11 9 9 7 7 5 5
13 9 11 7 11 7 9 5
7 8 5 6 4 5 2 3
8 29 6 27 5 26 3 24
8 13 6 11 5 10 3 8
10 12 8 10 8 10 6 8
12 16 10 14 10 14 8 12
6 9 4 7 4 7 2 5
6 6 4 4 4 4 2 2
25 25 23 23 22 22 20 20
6 6 4 4 4 4 2 2
6 6 4 4 4 4 2 2
9 13 7 11 6 10 4 8
8 8 6 6 6 6 4 4
6 6 4 4 4 4 2 2
11 13 9 11 5 7 3 5
8 11 6 9 6 9 4 7
6 15 4 13 4 13 2 11
12 10 10 8 8 6 6 4
19 21 17 19 15 17 13 15
9 20 7 18 5 16 3 14
11 20 9 18 6 15 4 13
9 9 7 7 6 6 4 4
6 9 4 7 4 7 2 5
6 6 4 4 4 4 2 2
12 15 10 13 10 13 8 11
6 6 4 4 4 4 2 2
9 12 7 10 4 7 2 5
7 18 5 16 5 16 3 14
15 19 13 17 10 14 8 12
8 7 6 5 5 4 3 2
7 30 5 28 4 27 2 25
10 13 8 11 8 11 6 9
8 7 6 5 5 4 3 2
7 11 5 9 4 8 2 6
13 14 11 12 6 7 4 5
8 18 6 16 4 14 2 12
10 11 8 9 7 8 5 6
6 6 4 4 4 4 2 2
8 10 6 8 4 6 2 4
7 8 5 6 4 5 2 3
20 16 18 14 13 9 11 7
8 8 6 6 6 6 4 4
7 8 5 6 4 5 2 3
11 12 9 10 5 6 3 4
11 15 9 13 7 11 5 9
14 15 12 13 11 12 9 10
6 6 4 4 4 4 2 2
7 8 5 6 5 6 3 4
13 13 11 11 11 11 9 9
9 9 7 7 6 6 4 4
6 6 4 4 4 4 2 2
6 6 4 4 4 4 2 2
8 10 6 8 5 7 3 5
8 8 6 6 5 5 3 3
9 11 7 9 6 8 4 6
8 7 6 5 5 4 3 2
7 8 5 6 5 6 3 4
8 9 6 7 5 6 3 4
14 16 12 14 8 10 6 8
11 13 9 11 5 7 3 5
8 9 6 7 5 6 3 4
6 6 4 4 4 4 2 2
7 7 5 5 5 5 3 3
7 8 5 6 4 5 2 3
10 11 8 9 7 8 5 6
8 8 6 6 5 5 3 3
9 14 7 12 6 11 4 9
7 11 5 9 4 8 2 6
16 16 14 14 12 12 10 10
12 14 10 12 9 11 7 9
18 17 16 15 15 14 13 12
7 12 5 10 5 10 3 8
7 8 5 6 4 5 2 3
7 10 5 8 4 7 2 5
8 13 6 11 6 11 4 9
11 10 9 8 9 8 7 6
13 14 11 12 7 8 5 6
9 10 7 8 7 8 5 6
6 8 4 6 4 6 2 4
10 10 8 8 8 8 6 6
11 15 9 13 7 11 5 9
8 7 6 5 5 4 3 2
8 10 6 8 6 8 4 6
6 6 4 4 4 4 2 2
8 11 6 9 5 8 3 6
8 9 6 7 5 6 3 4
9 10 7 8 6 7 4 5
6 18 4 16 4 16 2 14
20 22 18 20 17 19 15 17
9 9 7 7 5 5 3 3
