original_content variant_content original_content_hudson variant_content_hudson original_function variant_function original_function_hudson variant_function_hudson
16 23 14 21 13 20 11 18
19 29 17 27 14 24 12 22
18 27 16 25 15 24 13 22
15 48 13 46 12 45 10 43
9 9 7 7 5 5 3 3
16 22 14 20 12 18 10 16
18 17 16 15 12 11 10 9
7 9 5 7 4 6 2 4
7 10 5 8 4 7 2 5
8 18 6 16 5 15 3 13
12 12 10 10 8 8 6 6
16 14 14 12 12 10 10 8
20 24 18 22 16 20 14 18
10 9 8 7 6 5 4 3
23 38 21 36 18 33 16 31
8 8 6 6 6 6 4 4
10 10 8 8 8 8 6 6
18 26 16 24 16 24 14 22
11 14 9 12 8 11 6 9
12 10 10 8 8 6 6 4
11 13 9 11 7 9 5 7
11 12 9 10 7 8 5 6
16 16 14 14 10 10 8 8
10 7 8 5 7 4 5 2
6 8 4 6 4 6 2 4
13 33 11 31 9 29 7 27
7 14 5 12 4 11 2 9
42 44 40 42 38 40 36 38
18 13 16 11 15 10 13 8
9 9 7 7 5 5 3 3
7 8 5 6 4 5 2 3
11 17 9 15 7 13 5 11
11 11 9 9 7 7 5 5
8 8 6 6 5 5 3 3
8 14 6 12 5 11 3 9
10 13 8 11 6 9 4 7
28 20 26 18 24 16 22 14
6 24 4 22 4 22 2 20
8 14 6 12 5 11 3 9
9 9 7 7 5 5 3 3
7 10 5 8 4 7 2 5
8 7 6 5 5 4 3 2
9 12 7 10 4 7 2 5
15 13 13 11 11 9 9 7
9 9 7 7 5 5 3 3
6 8 4 6 4 6 2 4
8 11 6 9 5 8 3 6
17 20 15 18 13 16 11 14
14 15 12 13 10 11 8 9
10 16 8 14 5 11 3 9
11 11 9 9 7 7 5 5
36 41 34 39 31 36 29 34
9 9 7 7 5 5 3 3
28 30 26 28 26 28 24 26
6 6 4 4 4 4 2 2
10 9 8 7 6 5 4 3
7 7 5 5 5 5 3 3
17 17 15 15 11 11 9 9
9 16 7 14 6 13 4 11
15 16 13 14 11 12 9 10
7 6 5 4 5 4 3 2
10 13 8 11 7 10 5 8
11 20 9 18 7 16 5 14
10 13 8 11 7 10 5 8
12 15 10 13 9 12 7 10
10 16 8 14 6 12 4 10
13 36 11 34 9 32 7 30
12 18 10 16 9 15 7 13
10 16 8 14 7 13 5 11
7 8 5 6 4 5 2 3
6 20 4 18 4 18 2 16
9 9 7 7 5 5 3 3
9 15 7 13 6 12 4 10
21 23 19 21 18 20 16 18
7 11 5 9 4 8 2 6
7 11 5 9 4 8 2 6
11 12 9 10 8 9 6 7
9 9 7 7 5 5 3 3
12 12 10 10 6 6 4 4
20 21 18 19 17 18 15 16
10 9 8 7 7 6 5 4
7 14 5 12 5 12 3 10
10 13 8 11 6 9 4 7
9 8 7 6 6 5 4 3
25 22 23 20 23 20 21 18
14 14 12 12 8 8 6 6
23 22 21 20 21 20 19 18
12 15 10 13 8 11 6 9
6 6 4 4 4 4 2 2
9 9 7 7 5 5 3 3
8 23 6 21 5 20 3 18
10 11 8 9 7 8 5 6
7 12 5 10 4 9 2 7
14 14 12 12 10 10 8 8
7 8 5 6 4 5 2 3
9 10 7 8 6 7 4 5
8 8 6 6 5 5 3 3
17 16 15 14 12 11 10 9
15 15 13 13 11 11 9 9
9 9 7 7 5 5 3 3
10 14 8 12 5 9 3 7
13 12 11 10 10 9 8 7
6 6 4 4 4 4 2 2
10 19 8 17 5 14 3 12
10 14 8 12 5 9 3 7
12 14 10 12 9 11 7 9
15 14 13 12 11 10 9 8
9 9 7 7 5 5 3 3
10 24 8 22 6 20 4 18
20 45 18 43 16 41 14 39
31 43 29 41 27 39 25 37
13 14 11 12 9 10 7 8
18 21 16 19 16 19 14 17
18 18 16 16 15 15 13 13
18 29 16 27 14 25 12 23
7 11 5 9 4 8 2 6
7 8 5 6 4 5 2 3
24 68 22 66 18 62 16 60
18 19 16 17 15 16 13 14
8 10 6 8 4 6 2 4
8 8 6 6 5 5 3 3
7 13 5 11 4 10 2 8
12 15 10 13 9 12 7 10
11 10 9 8 7 6 5 4
13 12 11 10 8 7 6 5
10 15 8 13 5 10 3 8
14 17 12 15 11 14 9 12
10 15 8 13 7 12 5 10
12 24 10 22 8 20 6 18
10 19 8 17 7 16 5 14
9 16 7 14 4 11 2 9
9 10 7 8 5 6 3 4
32 39 30 37 29 36 27 34
26 20 24 18 22 16 20 14
12 17 10 15 8 13 6 11
7 13 5 11 4 10 2 8
9 18 7 16 5 14 3 12
16 17 14 15 11 12 9 10
9 14 7 12 5 10 3 8
10 13 8 11 6 9 4 7
12 63 10 61 8 59 6 57
6 6 4 4 4 4 2 2
16 16 14 14 12 12 10 10
9 8 7 6 6 5 4 3
7 8 5 6 4 5 2 3
11 13 9 11 8 10 6 8
9 9 7 7 5 5 3 3
10 10 8 8 7 7 5 5
7 8 5 6 4 5 2 3
12 10 10 8 8 6 6 4
13 25 11 23 7 19 5 17
18 17 16 15 14 13 12 11
25 36 23 34 19 30 17 28
9 18 7 16 5 14 3 12
9 9 7 7 5 5 3 3
18 20 16 18 15 17 13 15
12 13 10 11 7 8 5 6
14 14 12 12 12 12 10 10
21 51 19 49 18 48 16 46
15 40 13 38 10 35 8 33
11 7 9 5 8 4 6 2
16 24 14 22 11 19 9 17
24 24 22 22 21 21 19 19
15 15 13 13 11 11 9 9
10 16 8 14 5 11 3 9
15 35 13 33 10 30 8 28
12 14 10 12 7 9 5 7
22 31 20 29 19 28 17 26
10 14 8 12 4 8 2 6
42 52 40 50 38 48 36 46
12 12 10 10 8 8 6 6
10 16 8 14 6 12 4 10
9 9 7 7 5 5 3 3
12 10 10 8 8 6 6 4
10 10 8 8 7 7 5 5
11 10 9 8 6 5 4 3
10 20 8 18 8 18 6 16
14 18 12 16 8 12 6 10
19 27 17 25 16 24 14 22
32 26 30 24 27 21 25 19
12 11 10 9 9 8 7 6
8 6 6 4 6 4 4 2
16 19 14 17 12 15 10 13
14 7 12 5 11 4 9 2
6 6 4 4 4 4 2 2
13 14 11 12 9 10 7 8
7 6 5 4 5 4 3 2
10 7 8 5 8 5 6 3
33 36 31 34 28 31 26 29
12 13 10 11 10 11 8 9
14 14 12 12 11 11 9 9
13 13 11 11 9 9 7 7
13 16 11 14 10 13 8 11
13 22 11 20 10 19 8 17
15 18 13 16 11 14 9 12
8 20 6 18 6 18 4 16
12 32 10 30 9 29 7 27
33 37 31 35 28 32 26 30
8 10 6 8 5 7 3 5
21 22 19 20 17 18 15 16
9 41 7 39 6 38 4 36
6 6 4 4 4 4 2 2
13 19 11 17 9 15 7 13
10 9 8 7 6 5 4 3
9 14 7 12 6 11 4 9
9 10 7 8 5 6 3 4
8 13 6 11 4 9 2 7
7 8 5 6 4 5 2 3
11 12 9 10 6 7 4 5
16 19 14 17 11 14 9 12
21 33 19 31 15 27 13 25
12 26 10 24 8 22 6 20
9 8 7 6 6 5 4 3
8 21 6 19 5 18 3 16
7 8 5 6 5 6 3 4
13 14 11 12 10 11 8 9
7 32 5 30 4 29 2 27
13 13 11 11 9 9 7 7
7 14 5 12 4 11 2 9
8 23 6 21 5 20 3 18
7 14 5 12 4 11 2 9
9 50 7 48 5 46 3 44
12 11 10 9 6 5 4 3
8 15 6 13 5 12 3 10
14 39 12 37 11 36 9 34
11 10 9 8 7 6 5 4
6 6 4 4 4 4 2 2
19 17 17 15 14 12 12 10
16 32 14 30 13 29 11 27
18 16 16 14 14 12 12 10
11 13 9 11 7 9 5 7
25 27 23 25 21 23 19 21
9 14 7 12 5 10 3 8
6 6 4 4 4 4 2 2
26 26 24 24 22 22 20 20
9 12 7 10 5 8 3 6
12 23 10 21 7 18 5 16
9 11 7 9 5 7 3 5
18 20 16 18 12 14 10 12
12 12 10 10 8 8 6 6
16 16 14 14 11 11 9 9
15 23 13 21 12 20 10 18
11 10 9 8 7 6 5 4
13 19 11 17 9 15 7 13
8 23 6 21 5 20 3 18
6 12 4 10 4 10 2 8
12 14 10 12 10 12 8 10
8 7 6 5 5 4 3 2
7 8 5 6 4 5 2 3
11 13 9 11 7 9 5 7
10 22 8 20 7 19 5 17
6 16 4 14 4 14 2 12
9 9 7 7 5 5 3 3
13 25 11 23 8 20 6 18
10 9 8 7 6 5 4 3
7 10 5 8 4 7 2 5
7 14 5 12 4 11 2 9
9 25 7 23 6 22 4 20
9 10 7 8 6 7 4 5
10 10 8 8 6 6 4 4
11 12 9 10 8 9 6 7
13 13 11 11 9 9 7 7
10 10 8 8 8 8 6 6
18 19 16 17 14 15 12 13
16 26 14 24 10 20 8 18
7 8 5 6 4 5 2 3
11 14 9 12 7 10 5 8
21 24 19 22 18 21 16 19
21 20 19 18 17 16 15 14
11 21 9 19 8 18 6 16
11 13 9 11 6 8 4 6
14 13 12 11 8 7 6 5
7 19 5 17 4 16 2 14
10 13 8 11 5 8 3 6
24 23 22 21 18 17 16 15
10 16 8 14 6 12 4 10
27 23 25 21 23 19 21 17
29 50 27 48 25 46 23 44
19 22 17 20 13 16 11 14
16 12 14 10 10 6 8 4
21 33 19 31 17 29 15 27
8 11 6 9 5 8 3 6
20 36 18 34 15 31 13 29
7 35 5 33 4 32 2 30
12 13 10 11 10 11 8 9
16 37 14 35 11 32 9 30
11 10 9 8 6 5 4 3
11 19 9 17 9 17 7 15
12 9 10 7 10 7 8 5
10 12 8 10 8 10 6 8
18 14 16 12 14 10 12 8
12 22 10 20 7 17 5 15
8 8 6 6 6 6 4 4
20 39 18 37 18 37 16 35
14 12 12 10 8 6 6 4
12 15 10 13 9 12 7 10
8 15 6 13 5 12 3 10
21 35 19 33 16 30 14 28
9 28 7 26 5 24 3 22
15 28 13 26 11 24 9 22
12 9 10 7 8 5 6 3
45 42 43 40 41 38 39 36
20 43 18 41 17 40 15 38
21 34 19 32 16 29 14 27
9 12 7 10 5 8 3 6
14 22 12 20 11 19 9 17
6 8 4 6 4 6 2 4
7 7 5 5 5 5 3 3
9 15 7 13 6 12 4 10
11 12 9 10 9 10 7 8
17 16 15 14 13 12 11 10
12 36 10 34 8 32 6 30
14 16 12 14 10 12 8 10
7 10 5 8 4 7 2 5
13 45 11 43 9 41 7 39
8 32 6 30 5 29 3 27
9 9 7 7 5 5 3 3
11 15 9 13 8 12 6 10
15 15 13 13 11 11 9 9
42 53 40 51 38 49 36 47
7 49 5 47 4 46 2 44
7 10 5 8 4 7 2 5
8 10 6 8 4 6 2 4
10 10 8 8 6 6 4 4
15 31 13 29 11 27 9 25
11 11 9 9 6 6 4 4
9 11 7 9 6 8 4 6
13 16 11 14 11 14 9 12
8 7 6 5 5 4 3 2
23 38 21 36 18 33 16 31
11 12 9 10 7 8 5 6
18 23 16 21 15 20 13 18
6 6 4 4 4 4 2 2
9 9 7 7 5 5 3 3
7 8 5 6 4 5 2 3
7 8 5 6 4 5 2 3
9 10 7 8 6 7 4 5
9 30 7 28 6 27 4 25
15 14 13 12 9 8 7 6
11 31 9 29 8 28 6 26
15 15 13 13 7 7 5 5
13 15 11 13 6 8 4 6
19 24 17 22 15 20 13 18
14 16 12 14 7 9 5 7
16 15 14 13 10 9 8 7
13 52 11 50 9 48 7 46
10 10 8 8 6 6 4 4
8 8 6 6 5 5 3 3
10 14 8 12 5 9 3 7
11 25 9 23 8 22 6 20
10 13 8 11 5 8 3 6
10 10 8 8 6 6 4 4
17 29 15 27 11 23 9 21
13 13 11 11 9 9 7 7
9 15 7 13 6 12 4 10
8 7 6 5 5 4 3 2
7 9 5 7 4 6 2 4
6 12 4 10 4 10 2 8
10 13 8 11 7 10 5 8
9 15 7 13 5 11 3 9
10 9 8 7 6 5 4 3
19 20 17 18 17 18 15 16
23 50 21 48 17 44 15 42
10 10 8 8 8 8 6 6
22 25 20 23 18 21 16 19
10 19 8 17 6 15 4 13
8 10 6 8 4 6 2 4
10 11 8 9 6 7 4 5
9 12 7 10 5 8 3 6
22 21 20 19 19 18 17 16
10 11 8 9 5 6 3 4
12 13 10 11 7 8 5 6
12 13 10 11 9 10 7 8
24 23 22 21 21 20 19 18
12 13 10 11 7 8 5 6
9 14 7 12 5 10 3 8
13 22 11 20 9 18 7 16
11 10 9 8 7 6 5 4
13 8 11 6 10 5 8 3
9 8 7 6 6 5 4 3
11 42 9 40 7 38 5 36
7 15 5 13 4 12 2 10
16 17 14 15 11 12 9 10
9 9 7 7 5 5 3 3
11 11 9 9 7 7 5 5
8 9 6 7 5 6 3 4
17 15 15 13 14 12 12 10
10 12 8 10 6 8 4 6
11 40 9 38 7 36 5 34
13 17 11 15 9 13 7 11
16 16 14 14 12 12 10 10
26 17 24 15 22 13 20 11
14 21 12 19 11 18 9 16
9 8 7 6 6 5 4 3
9 9 7 7 5 5 3 3
24 30 22 28 20 26 18 24
9 34 7 32 6 31 4 29
12 15 10 13 8 11 6 9
15 18 13 16 10 13 8 11
9 8 7 6 6 5 4 3
20 25 18 23 15 20 13 18
11 9 9 7 7 5 5 3
8 7 6 5 6 5 4 3
9 12 7 10 5 8 3 6
12 6 10 4 10 4 8 2
9 12 7 10 6 9 4 7
9 12 7 10 6 9 4 7
12 20 10 18 8 16 6 14
13 17 11 15 9 13 7 11
7 11 5 9 4 8 2 6
17 29 15 27 12 24 10 22
11 11 9 9 7 7 5 5
10 31 8 29 6 27 4 25
13 15 11 13 9 11 7 9
13 20 11 18 9 16 7 14
14 36 12 34 7 29 5 27
24 50 22 48 20 46 18 44
36 35 34 33 29 28 27 26
25 33 23 31 21 29 19 27
15 32 13 30 11 28 9 26
14 36 12 34 7 29 5 27
7 8 5 6 4 5 2 3
13 25 11 23 8 20 6 18
11 11 9 9 6 6 4 4
13 14 11 12 10 11 8 9
10 20 8 18 6 16 4 14
15 23 13 21 12 20 10 18
28 52 26 50 21 45 19 43
7 8 5 6 4 5 2 3
7 13 5 11 4 10 2 8
45 45 43 43 39 39 37 37
13 14 11 12 6 7 4 5
10 11 8 9 5 6 3 4
12 14 10 12 8 10 6 8
22 39 20 37 17 34 15 32
50 67 48 65 46 63 44 61
10 18 8 16 5 13 3 11
13 14 11 12 8 9 6 7
7 8 5 6 4 5 2 3
18 22 16 20 14 18 12 16
9 9 7 7 6 6 4 4
7 9 5 7 4 6 2 4
10 21 8 19 6 17 4 15
9 9 7 7 5 5 3 3
12 14 10 12 9 11 7 9
13 19 11 17 9 15 7 13
14 11 12 9 10 7 8 5
7 8 5 6 4 5 2 3
9 14 7 12 7 12 5 10
7 20 5 18 5 18 3 16
11 9 9 7 8 6 6 4
15 18 13 16 13 16 11 14
19 24 17 22 16 21 14 19
13 15 11 13 11 13 9 11
12 15 10 13 8 11 6 9
7 8 5 6 4 5 2 3
6 31 4 29 4 29 2 27
15 25 13 23 11 21 9 19
8 10 6 8 5 7 3 5
6 7 4 5 4 5 2 3
11 18 9 16 7 14 5 12
8 10 6 8 5 7 3 5
8 8 6 6 5 5 3 3
15 18 13 16 12 15 10 13
23 26 21 24 20 23 18 21
15 18 13 16 10 13 8 11
31 30 29 28 27 26 25 24
16 19 14 17 12 15 10 13
13 14 11 12 10 11 8 9
18 20 16 18 13 15 11 13
9 13 7 11 5 9 3 7
11 28 9 26 7 24 5 22
14 18 12 16 10 14 8 12
20 25 18 23 16 21 14 19
10 12 8 10 6 8 4 6
13 13 11 11 8 8 6 6
18 18 16 16 14 14 12 12
12 40 10 38 4 32 2 30
16 10 14 8 12 6 10 4
11 10 9 8 6 5 4 3
10 9 8 7 6 5 4 3
11 36 9 34 6 31 4 29
11 9 9 7 8 6 6 4
21 30 19 28 18 27 16 25
15 17 13 15 11 13 9 11
34 31 32 29 28 25 26 23
11 11 9 9 6 6 4 4
8 7 6 5 5 4 3 2
13 16 11 14 6 9 4 7
15 34 13 32 12 31 10 29
16 23 14 21 13 20 11 18
16 19 14 17 13 16 11 14
16 22 14 20 13 19 11 17
8 52 6 50 6 50 4 48
12 27 10 25 8 23 6 21
15 15 13 13 11 11 9 9
20 21 18 19 16 17 14 15
7 16 5 14 4 13 2 11
10 11 8 9 5 6 3 4
9 13 7 11 5 9 3 7
8 16 6 14 4 12 2 10
13 41 11 39 10 38 8 36
12 15 10 13 10 13 8 11
7 33 5 31 4 30 2 28
8 7 6 5 5 4 3 2
9 11 7 9 5 7 3 5
7 10 5 8 4 7 2 5
18 26 16 24 14 22 12 20
28 32 26 30 24 28 22 26
16 13 14 11 11 8 9 6
8 7 6 5 5 4 3 2
22 42 20 40 18 38 16 36
19 22 17 20 15 18 13 16
8 8 6 6 5 5 3 3
15 13 13 11 12 10 10 8
12 25 10 23 8 21 6 19
7 9 5 7 4 6 2 4
9 13 7 11 6 10 4 8
13 15 11 13 6 8 4 6
13 12 11 10 7 6 5 4
19 35 17 33 13 29 11 27
12 11 10 9 7 6 5 4
12 46 10 44 7 41 5 39
16 16 14 14 14 14 12 12
16 18 14 16 12 14 10 12
7 10 5 8 4 7 2 5
22 20 20 18 18 16 16 14
14 13 12 11 10 9 8 7
12 12 10 10 10 10 8 8
11 12 9 10 8 9 6 7
19 17 17 15 14 12 12 10
10 9 8 7 6 5 4 3
9 21 7 19 5 17 3 15
11 35 9 33 6 30 4 28
6 6 4 4 4 4 2 2
19 18 17 16 14 13 12 11
12 11 10 9 9 8 7 6
8 17 6 15 4 13 2 11
15 20 13 18 11 16 9 14
6 59 4 57 4 57 2 55
12 19 10 17 9 16 7 14
18 19 16 17 14 15 12 13
11 7 9 5 9 5 7 3
10 11 8 9 7 8 5 6
11 16 9 14 5 10 3 8
6 6 4 4 4 4 2 2
19 37 17 35 14 32 12 30
11 18 9 16 7 14 5 12
6 6 4 4 4 4 2 2
7 11 5 9 4 8 2 6
10 9 8 7 6 5 4 3
24 12 22 10 22 10 20 8
12 33 10 31 8 29 6 27
13 10 11 8 9 6 7 4
7 10 5 8 4 7 2 5
7 8 5 6 4 5 2 3
9 34 7 32 5 30 3 28
7 8 5 6 4 5 2 3
9 9 7 7 5 5 3 3
9 17 7 15 4 12 2 10
24 36 22 34 20 32 18 30
8 14 6 12 4 10 2 8
7 10 5 8 4 7 2 5
10 12 8 10 5 7 3 5
11 10 9 8 7 6 5 4
24 17 22 15 21 14 19 12
9 13 7 11 5 9 3 7
10 8 8 6 6 4 4 2
6 6 4 4 4 4 2 2
10 11 8 9 6 7 4 5
9 11 7 9 5 7 3 5
11 14 9 12 6 9 4 7
7 8 5 6 4 5 2 3
12 20 10 18 6 14 4 12
12 17 10 15 10 15 8 13
7 10 5 8 4 7 2 5
15 17 13 15 9 11 7 9
24 23 22 21 20 19 18 17
13 16 11 14 8 11 6 9
9 32 7 30 6 29 4 27
12 22 10 20 8 18 6 16
8 15 6 13 5 12 3 10
9 10 7 8 5 6 3 4
8 12 6 10 5 9 3 7
16 16 14 14 11 11 9 9
16 58 14 56 13 55 11 53
10 18 8 16 5 13 3 11
7 8 5 6 4 5 2 3
12 14 10 12 8 10 6 8
18 14 16 12 15 11 13 9
12 17 10 15 8 13 6 11
8 10 6 8 5 7 3 5
15 15 13 13 11 11 9 9
16 19 14 17 12 15 10 13
17 13 15 11 14 10 12 8
9 13 7 11 6 10 4 8
9 11 7 9 5 7 3 5
6 7 4 5 4 5 2 3
19 31 17 29 16 28 14 26
24 23 22 21 19 18 17 16
21 30 19 28 16 25 14 23
19 15 17 13 15 11 13 9
9 9 7 7 5 5 3 3
10 30 8 28 7 27 5 25
9 16 7 14 5 12 3 10
14 14 12 12 8 8 6 6
9 16 7 14 7 14 5 12
7 9 5 7 4 6 2 4
9 17 7 15 6 14 4 12
15 23 13 21 11 19 9 17
6 6 4 4 4 4 2 2
8 19 6 17 4 15 2 13
10 15 8 13 7 12 5 10
7 10 5 8 5 8 3 6
28 29 26 27 24 25 22 23
23 21 21 19 19 17 17 15
9 11 7 9 6 8 4 6
17 18 15 16 11 12 9 10
18 18 16 16 16 16 14 14
11 12 9 10 8 9 6 7
18 29 16 27 15 26 13 24
9 17 7 15 5 13 3 11
15 19 13 17 10 14 8 12
12 58 10 56 8 54 6 52
11 43 9 41 7 39 5 37
10 11 8 9 5 6 3 4
7 8 5 6 4 5 2 3
10 19 8 17 4 13 2 11
8 13 6 11 4 9 2 7
8 9 6 7 5 6 3 4
8 10 6 8 4 6 2 4
8 7 6 5 5 4 3 2
26 33 24 31 21 28 19 26
12 14 10 12 8 10 6 8
13 13 11 11 9 9 7 7
28 39 26 37 22 33 20 31
9 14 7 12 5 10 3 8
9 13 7 11 5 9 3 7
13 20 11 18 7 14 5 12
36 49 34 47 32 45 30 43
12 25 10 23 7 20 5 18
19 19 17 17 15 15 13 13
16 16 14 14 13 13 11 11
16 20 14 18 11 15 9 13
9 12 7 10 5 8 3 6
23 30 21 28 20 27 18 25
6 10 4 8 4 8 2 6
16 15 14 13 12 11 10 9
15 21 13 19 11 17 9 15
16 16 14 14 8 8 6 6
6 10 4 8 4 8 2 6
9 13 7 11 6 10 4 8
7 21 5 19 4 18 2 16
15 39 13 37 10 34 8 32
27 25 25 23 22 20 20 18
9 14 7 12 4 9 2 7
9 9 7 7 5 5 3 3
12 31 10 29 8 27 6 25
11 11 9 9 7 7 5 5
12 13 10 11 8 9 6 7
11 25 9 23 7 21 5 19
16 17 14 15 11 12 9 10
9 21 7 19 5 17 3 15
8 8 6 6 5 5 3 3
12 12 10 10 10 10 8 8
12 22 10 20 7 17 5 15
32 39 30 37 28 35 26 33
13 17 11 15 9 13 7 11
6 6 4 4 4 4 2 2
7 9 5 7 4 6 2 4
8 7 6 5 5 4 3 2
13 17 11 15 10 14 8 12
25 36 23 34 18 29 16 27
11 13 9 11 9 11 7 9
16 19 14 17 12 15 10 13
7 10 5 8 4 7 2 5
9 48 7 46 6 45 4 43
29 22 27 20 24 17 22 15
29 17 27 15 25 13 23 11
8 7 6 5 5 4 3 2
8 12 6 10 6 10 4 8
12 27 10 25 9 24 7 22
7 16 5 14 4 13 2 11
12 14 10 12 7 9 5 7
10 18 8 16 6 14 4 12
15 13 13 11 11 9 9 7
8 11 6 9 4 7 2 5
11 16 9 14 8 13 6 11
7 15 5 13 4 12 2 10
9 21 7 19 5 17 3 15
10 8 8 6 7 5 5 3
22 30 20 28 17 25 15 23
12 21 10 19 8 17 6 15
16 13 14 11 10 7 8 5
10 21 8 19 5 16 3 14
10 12 8 10 6 8 4 6
9 9 7 7 6 6 4 4
7 15 5 13 4 12 2 10
7 8 5 6 4 5 2 3
10 17 8 15 5 12 3 10
10 12 8 10 5 7 3 5
6 6 4 4 4 4 2 2
6 8 4 6 4 6 2 4
14 14 12 12 10 10 8 8
12 14 10 12 8 10 6 8
15 14 13 12 13 12 11 10
17 27 15 25 13 23 11 21
9 10 7 8 5 6 3 4
13 14 11 12 10 11 8 9
17 12 15 10 13 8 11 6
12 13 10 11 9 10 7 8
17 20 15 18 14 17 12 15
10 20 8 18 5 15 3 13
9 14 7 12 5 10 3 8
8 9 6 7 6 7 4 5
9 15 7 13 5 11 3 9
14 17 12 15 9 12 7 10
13 14 11 12 9 10 7 8
9 12 7 10 5 8 3 6
22 26 20 24 18 22 16 20
11 7 9 5 8 4 6 2
10 32 8 30 7 29 5 27
11 13 9 11 5 7 3 5
8 14 6 12 5 11 3 9
11 15 9 13 7 11 5 9
9 9 7 7 5 5 3 3
11 12 9 10 7 8 5 6
9 9 7 7 5 5 3 3
12 22 10 20 8 18 6 16
9 13 7 11 5 9 3 7
11 15 9 13 8 12 6 10
16 22 14 20 13 19 11 17
12 11 10 9 9 8 7 6
19 15 17 13 14 10 12 8
13 11 11 9 8 6 6 4
6 6 4 4 4 4 2 2
11 10 9 8 8 7 6 5
7 8 5 6 4 5 2 3
31 23 29 21 27 19 25 17
8 22 6 20 6 20 4 18
11 18 9 16 7 14 5 12
17 22 15 20 11 16 9 14
6 7 4 5 4 5 2 3
6 6 4 4 4 4 2 2
25 31 23 29 22 28 20 26
14 15 12 13 9 10 7 8
11 28 9 26 6 23 4 21
15 19 13 17 13 17 11 15
17 14 15 12 11 8 9 6
11 12 9 10 7 8 5 6
12 12 10 10 10 10 8 8
7 8 5 6 4 5 2 3
16 49 14 47 10 43 8 41
9 13 7 11 6 10 4 8
20 16 18 14 18 14 16 12
16 15 14 13 12 11 10 9
9 9 7 7 5 5 3 3
22 17 20 15 15 10 13 8
18 16 16 14 13 11 11 9
10 9 8 7 7 6 5 4
9 13 7 11 5 9 3 7
16 32 14 30 11 27 9 25
6 17 4 15 4 15 2 13
8 7 6 5 5 4 3 2
7 9 5 7 4 6 2 4
11 10 9 8 7 6 5 4
6 6 4 4 4 4 2 2
13 40 11 38 10 37 8 35
16 11 14 9 12 7 10 5
7 8 5 6 4 5 2 3
36 54 34 52 30 48 28 46
16 13 14 11 12 9 10 7
10 14 8 12 6 10 4 8
9 10 7 8 6 7 4 5
8 17 6 15 6 15 4 13
8 7 6 5 5 4 3 2
16 15 14 13 13 12 11 10
13 15 11 13 9 11 7 9
8 9 6 7 5 6 3 4
13 16 11 14 9 12 7 10
11 16 9 14 9 14 7 12
6 9 4 7 4 7 2 5
14 15 12 13 9 10 7 8
11 12 9 10 8 9 6 7
12 46 10 44 9 43 7 41
12 11 10 9 7 6 5 4
9 9 7 7 5 5 3 3
18 16 16 14 14 12 12 10
11 12 9 10 6 7 4 5
19 19 17 17 15 15 13 13
11 15 9 13 7 11 5 9
8 10 6 8 4 6 2 4
13 23 11 21 6 16 4 14
13 16 11 14 9 12 7 10
13 23 11 21 6 16 4 14
13 16 11 14 9 12 7 10
13 15 11 13 8 10 6 8
11 12 9 10 8 9 6 7
19 45 17 43 15 41 13 39
11 29 9 27 8 26 6 24
12 16 10 14 6 10 4 8
18 13 16 11 14 9 12 7
22 30 20 28 18 26 16 24
8 11 6 9 5 8 3 6
11 9 9 7 8 6 6 4
6 9 4 7 4 7 2 5
6 6 4 4 4 4 2 2
14 15 12 13 9 10 7 8
13 13 11 11 9 9 7 7
14 16 12 14 10 12 8 10
16 39 14 37 12 35 10 33
12 15 10 13 8 11 6 9
12 11 10 9 7 6 5 4
23 44 21 42 17 38 15 36
14 26 12 24 10 22 8 20
14 27 12 25 9 22 7 20
6 7 4 5 4 5 2 3
8 8 6 6 5 5 3 3
9 13 7 11 5 9 3 7
16 17 14 15 11 12 9 10
23 14 21 12 19 10 17 8
9 17 7 15 5 13 3 11
34 47 32 45 31 44 29 42
17 16 15 14 12 11 10 9
11 13 9 11 8 10 6 8
11 15 9 13 7 11 5 9
19 17 17 15 15 13 13 11
10 13 8 11 5 8 3 6
14 18 12 16 10 14 8 12
12 12 10 10 8 8 6 6
14 22 12 20 11 19 9 17
9 17 7 15 5 13 3 11
11 11 9 9 9 9 7 7
9 16 7 14 5 12 3 10
11 11 9 9 7 7 5 5
7 6 5 4 5 4 3 2
6 6 4 4 4 4 2 2
12 11 10 9 9 8 7 6
12 10 10 8 8 6 6 4
11 9 9 7 9 7 7 5
16 16 14 14 13 13 11 11
7 8 5 6 4 5 2 3
9 12 7 10 6 9 4 7
9 40 7 38 5 36 3 34
10 9 8 7 7 6 5 4
15 22 13 20 9 16 7 14
10 11 8 9 7 8 5 6
11 17 9 15 6 12 4 10
8 8 6 6 6 6 4 4
8 25 6 23 5 22 3 20
27 28 25 26 24 25 22 23
17 11 15 9 14 8 12 6
9 35 7 33 4 30 2 28
9 17 7 15 5 13 3 11
11 18 9 16 6 13 4 11
11 11 9 9 7 7 5 5
8 19 6 17 5 16 3 14
8 8 6 6 6 6 4 4
11 15 9 13 6 10 4 8
14 16 12 14 10 12 8 10
13 17 11 15 10 14 8 12
12 16 10 14 10 14 8 12
14 33 12 31 11 30 9 28
13 26 11 24 10 23 8 21
7 14 5 12 4 11 2 9
14 12 12 10 10 8 8 6
13 33 11 31 10 30 8 28
14 14 12 12 11 11 9 9
20 15 18 13 15 10 13 8
11 17 9 15 8 14 6 12
17 22 15 20 14 19 12 17
10 21 8 19 7 18 5 16
10 14 8 12 6 10 4 8
9 46 7 44 6 43 4 41
6 6 4 4 4 4 2 2
9 12 7 10 7 10 5 8
11 9 9 7 7 5 5 3
13 16 11 14 10 13 8 11
29 37 27 35 26 34 24 32
71 47 69 45 68 44 66 42
7 9 5 7 4 6 2 4
6 6 4 4 4 4 2 2
21 23 19 21 17 19 15 17
14 21 12 19 10 17 8 15
9 10 7 8 6 7 4 5
22 25 20 23 17 20 15 18
12 23 10 21 8 19 6 17
11 16 9 14 7 12 5 10
7 8 5 6 4 5 2 3
24 52 22 50 21 49 19 47
8 12 6 10 4 8 2 6
6 6 4 4 4 4 2 2
11 15 9 13 8 12 6 10
19 15 17 13 15 11 13 9
6 8 4 6 4 6 2 4
9 10 7 8 5 6 3 4
13 12 11 10 7 6 5 4
9 7 7 5 6 4 4 2
8 18 6 16 4 14 2 12
10 9 8 7 7 6 5 4
7 13 5 11 4 10 2 8
12 11 10 9 7 6 5 4
9 52 7 50 5 48 3 46
10 16 8 14 7 13 5 11
10 9 8 7 6 5 4 3
15 17 13 15 11 13 9 11
13 12 11 10 9 8 7 6
11 15 9 13 9 13 7 11
14 13 12 11 10 9 8 7
12 9 10 7 9 6 7 4
10 -2 8 -4 7 -5 5 -7
20 19 18 17 17 16 15 14
7 18 5 16 4 15 2 13
15 19 13 17 12 16 10 14
11 14 9 12 7 10 5 8
15 48 13 46 11 44 9 42
7 9 5 7 4 6 2 4
9 7 7 5 6 4 4 2
11 13 9 11 6 8 4 6
7 13 5 11 4 10 2 8
13 19 11 17 10 16 8 14
13 12 11 10 9 8 7 6
11 16 9 14 8 13 6 11
8 7 6 5 5 4 3 2
7 11 5 9 4 8 2 6
6 6 4 4 4 4 2 2
7 19 5 17 4 16 2 14
8 11 6 9 5 8 3 6
6 18 4 16 4 16 2 14
10 7 8 5 7 4 5 2
12 24 10 22 7 19 5 17
8 7 6 5 5 4 3 2
15 16 13 14 12 13 10 11
11 17 9 15 6 12 4 10
8 9 6 7 5 6 3 4
7 8 5 6 4 5 2 3
12 21 10 19 9 18 7 16
14 16 12 14 10 12 8 10
8 7 6 5 5 4 3 2
26 27 24 25 20 21 18 19
7 9 5 7 4 6 2 4
10 9 8 7 7 6 5 4
7 47 5 45 4 44 2 42
8 8 6 6 5 5 3 3
9 9 7 7 5 5 3 3
10 10 8 8 6 6 4 4
10 12 8 10 6 8 4 6
9 7 7 5 6 4 4 2
16 7 14 5 13 4 11 2
8 9 6 7 5 6 3 4
9 13 7 11 5 9 3 7
14 16 12 14 10 12 8 10
7 13 5 11 4 10 2 8
11 9 9 7 8 6 6 4
7 13 5 11 4 10 2 8
13 21 11 19 10 18 8 16
13 12 11 10 9 8 7 6
8 12 6 10 5 9 3 7
23 13 21 11 18 8 16 6
14 13 12 11 9 8 7 6
12 8 10 6 9 5 7 3
9 23 7 21 5 19 3 17
12 31 10 29 7 26 5 24
7 8 5 6 4 5 2 3
15 15 13 13 11 11 9 9
10 10 8 8 7 7 5 5
16 17 14 15 11 12 9 10
8 6 6 4 6 4 4 2
17 15 15 13 14 12 12 10
9 14 7 12 5 10 3 8
8 7 6 5 5 4 3 2
10 15 8 13 7 12 5 10
12 14 10 12 8 10 6 8
7 6 5 4 5 4 3 2
12 22 10 20 9 19 7 17
15 15 13 13 9 9 7 7
7 15 5 13 5 13 3 11
16 21 14 19 12 17 10 15
12 17 10 15 9 14 7 12
7 17 5 15 4 14 2 12
11 12 9 10 7 8 5 6
14 18 12 16 12 16 10 14
20 23 18 21 18 21 16 19
12 21 10 19 10 19 8 17
7 14 5 12 4 11 2 9
7 9 5 7 4 6 2 4
9 9 7 7 5 5 3 3
13 32 11 30 11 30 9 28
19 44 17 42 13 38 11 36
8 6 6 4 6 4 4 2
16 15 14 13 11 10 9 8
11 32 9 30 8 29 6 27
11 28 9 26 6 23 4 21
11 12 9 10 7 8 5 6
18 13 16 11 15 10 13 8
17 20 15 18 11 14 9 12
8 9 6 7 5 6 3 4
11 12 9 10 7 8 5 6
12 20 10 18 6 14 4 12
14 27 12 25 11 24 9 22
6 8 4 6 4 6 2 4
9 24 7 22 5 20 3 18
8 9 6 7 5 6 3 4
6 11 4 9 4 9 2 7
10 11 8 9 5 6 3 4
10 9 8 7 7 6 5 4
14 14 12 12 11 11 9 9
6 8 4 6 4 6 2 4
9 3 7 1 5 -1 3 -3
10 24 8 22 5 19 3 17
11 12 9 10 7 8 5 6
18 17 16 15 15 14 13 12
11 15 9 13 6 10 4 8
8 10 6 8 5 7 3 5
11 23 9 21 7 19 5 17
13 29 11 27 9 25 7 23
11 12 9 10 8 9 6 7
17 17 15 15 12 12 10 10
14 47 12 45 10 43 8 41
20 24 18 22 16 20 14 18
7 15 5 13 4 12 2 10
6 12 4 10 4 10 2 8
10 9 8 7 7 6 5 4
10 14 8 12 7 11 5 9
7 21 5 19 4 18 2 16
6 6 4 4 4 4 2 2
10 10 8 8 8 8 6 6
11 7 9 5 8 4 6 2
6 6 4 4 4 4 2 2
16 18 14 16 12 14 10 12
18 16 16 14 15 13 13 11
21 34 19 32 18 31 16 29
13 19 11 17 7 13 5 11
6 8 4 6 4 6 2 4
12 21 10 19 9 18 7 16
12 12 10 10 8 8 6 6
7 9 5 7 4 6 2 4
6 6 4 4 4 4 2 2
13 12 11 10 10 9 8 7
12 12 10 10 9 9 7 7
16 16 14 14 12 12 10 10
24 27 22 25 20 23 18 21
16 13 14 11 12 9 10 7
16 23 14 21 12 19 10 17
6 6 4 4 4 4 2 2
9 11 7 9 5 7 3 5
9 9 7 7 5 5 3 3
23 18 21 16 20 15 18 13
9 12 7 10 6 9 4 7
8 17 6 15 5 14 3 12
10 12 8 10 7 9 5 7
11 11 9 9 6 6 4 4
13 11 11 9 10 8 8 6
8 10 6 8 5 7 3 5
13 18 11 16 7 12 5 10
12 26 10 24 9 23 7 21
8 10 6 8 4 6 2 4
10 10 8 8 7 7 5 5
9 11 7 9 6 8 4 6
6 6 4 4 4 4 2 2
6 6 4 4 4 4 2 2
12 14 10 12 10 12 8 10
9 11 7 9 5 7 3 5
11 15 9 13 7 11 5 9
12 12 10 10 8 8 6 6
6 6 4 4 4 4 2 2
9 9 7 7 5 5 3 3
6 6 4 4 4 4 2 2
11 13 9 11 8 10 6 8
17 17 15 15 14 14 12 12
14 12 12 10 11 9 9 7
11 11 9 9 9 9 7 7
9 11 7 9 5 7 3 5
8 20 6 18 5 17 3 15
11 10 9 8 8 7 6 5
10 13 8 11 6 9 4 7
10 10 8 8 7 7 5 5
12 8 10 6 9 5 7 3
9 9 7 7 5 5 3 3
13 13 11 11 9 9 7 7
11 14 9 12 7 10 5 8
6 7 4 5 4 5 2 3
20 28 18 26 13 21 11 19
20 18 18 16 18 16 16 14
19 22 17 20 14 17 12 15
9 7 7 5 6 4 4 2
9 13 7 11 5 9 3 7
15 20 13 18 12 17 10 15
9 11 7 9 5 7 3 5
8 14 6 12 5 11 3 9
10 8 8 6 7 5 5 3
10 13 8 11 5 8 3 6
10 12 8 10 6 8 4 6
7 11 5 9 4 8 2 6
8 17 6 15 5 14 3 12
13 13 11 11 9 9 7 7
11 15 9 13 7 11 5 9
10 13 8 11 6 9 4 7
15 15 13 13 11 11 9 9
18 13 16 11 15 10 13 8
9 9 7 7 7 7 5 5
8 6 6 4 6 4 4 2
12 15 10 13 7 10 5 8
11 10 9 8 7 6 5 4
14 11 12 9 10 7 8 5
14 9 12 7 9 4 7 2
8 9 6 7 5 6 3 4
10 57 8 55 6 53 4 51
7 10 5 8 4 7 2 5
7 27 5 25 4 24 2 22
9 11 7 9 5 7 3 5
8 7 6 5 5 4 3 2
9 9 7 7 5 5 3 3
12 14 10 12 8 10 6 8
12 9 10 7 8 5 6 3
10 11 8 9 6 7 4 5
13 9 11 7 9 5 7 3
17 17 15 15 13 13 11 11
9 9 7 7 5 5 3 3
13 12 11 10 10 9 8 7
9 10 7 8 6 7 4 5
18 19 16 17 14 15 12 13
10 22 8 20 7 19 5 17
31 31 29 29 27 27 25 25
12 14 10 12 8 10 6 8
15 18 13 16 12 15 10 13
6 8 4 6 4 6 2 4
7 11 5 9 4 8 2 6
15 12 13 10 11 8 9 6
7 12 5 10 4 9 2 7
6 6 4 4 4 4 2 2
10 27 8 25 7 24 5 22
11 13 9 11 8 10 6 8
12 13 10 11 7 8 5 6
7 8 5 6 4 5 2 3
14 15 12 13 10 11 8 9
7 18 5 16 4 15 2 13
21 23 19 21 17 19 15 17
14 9 12 7 10 5 8 3
14 34 12 32 8 28 6 26
10 33 8 31 5 28 3 26
12 15 10 13 8 11 6 9
12 9 10 7 8 5 6 3
8 7 6 5 5 4 3 2
10 10 8 8 7 7 5 5
8 10 6 8 5 7 3 5
9 11 7 9 6 8 4 6
12 15 10 13 9 12 7 10
14 14 12 12 10 10 8 8
10 8 8 6 7 5 5 3
10 10 8 8 6 6 4 4
6 6 4 4 4 4 2 2
7 13 5 11 4 10 2 8
11 12 9 10 7 8 5 6
8 10 6 8 5 7 3 5
9 20 7 18 6 17 4 15
7 -3 5 -5 5 -5 3 -7
9 11 7 9 6 8 4 6
20 26 18 24 17 23 15 21
9 22 7 20 5 18 3 16
10 12 8 10 8 10 6 8
9 7 7 5 6 4 4 2
14 11 12 9 10 7 8 5
6 9 4 7 4 7 2 5
14 12 12 10 12 10 10 8
8 9 6 7 5 6 3 4
16 24 14 22 14 22 12 20
11 11 9 9 7 7 5 5
7 10 5 8 4 7 2 5
13 14 11 12 9 10 7 8
8 11 6 9 5 8 3 6
10 10 8 8 8 8 6 6
9 15 7 13 6 12 4 10
8 14 6 12 4 10 2 8
12 13 10 11 6 7 4 5
9 7 7 5 7 5 5 3
13 21 11 19 10 18 8 16
8 10 6 8 4 6 2 4
10 8 8 6 6 4 4 2
9 24 7 22 5 20 3 18
7 8 5 6 4 5 2 3
8 16 6 14 5 13 3 11
14 7 12 5 11 4 9 2
26 26 24 24 22 22 20 20
22 23 20 21 19 20 17 18
12 14 10 12 8 10 6 8
20 30 18 28 16 26 14 24
14 19 12 17 12 17 10 15
10 11 8 9 8 9 6 7
13 17 11 15 8 12 6 10
7 15 5 13 4 12 2 10
7 14 5 12 4 11 2 9
20 36 18 34 16 32 14 30
10 11 8 9 6 7 4 5
10 38 8 36 7 35 5 33
41 42 39 40 38 39 36 37
11 -8 9 -10 6 -13 4 -15
7 23 5 21 4 20 2 18
20 21 18 19 16 17 14 15
8 14 6 12 5 11 3 9
10 13 8 11 6 9 4 7
7 11 5 9 4 8 2 6
10 25 8 23 6 21 4 19
9 14 7 12 6 11 4 9
7 11 5 9 4 8 2 6
12 12 10 10 9 9 7 7
14 8 12 6 11 5 9 3
8 7 6 5 5 4 3 2
7 8 5 6 4 5 2 3
7 20 5 18 4 17 2 15
12 14 10 12 9 11 7 9
38 38 36 36 32 32 30 30
16 15 14 13 13 12 11 10
14 16 12 14 11 13 9 11
11 12 9 10 7 8 5 6
16 17 14 15 11 12 9 10
13 14 11 12 8 9 6 7
13 14 11 12 9 10 7 8
9 51 7 49 6 48 4 46
9 9 7 7 5 5 3 3
8 10 6 8 5 7 3 5
12 13 10 11 8 9 6 7
15 22 13 20 13 20 11 18
8 10 6 8 5 7 3 5
10 27 8 25 6 23 4 21
8 34 6 32 4 30 2 28
11 18 9 16 5 12 3 10
13 15 11 13 9 11 7 9
11 17 9 15 6 12 4 10
16 20 14 18 12 16 10 14
11 13 9 11 5 7 3 5
7 17 5 15 4 14 2 12
9 9 7 7 5 5 3 3
11 13 9 11 6 8 4 6
22 28 20 26 18 24 16 22
15 8 13 6 12 5 10 3
10 15 8 13 7 12 5 10
8 10 6 8 5 7 3 5
24 22 22 20 22 20 20 18
10 13 8 11 6 9 4 7
11 11 9 9 8 8 6 6
44 53 42 51 40 49 38 47
8 10 6 8 5 7 3 5
17 28 15 26 14 25 12 23
11 12 9 10 7 8 5 6
9 11 7 9 5 7 3 5
6 6 4 4 4 4 2 2
13 10 11 8 9 6 7 4
18 40 16 38 15 37 13 35
7 8 5 6 4 5 2 3
11 11 9 9 8 8 6 6
17 14 15 12 14 11 12 9
11 11 9 9 6 6 4 4
9 16 7 14 5 12 3 10
14 9 12 7 12 7 10 5
9 14 7 12 6 11 4 9
15 14 13 12 12 11 10 9
9 12 7 10 4 7 2 5
9 12 7 10 5 8 3 6
12 12 10 10 7 7 5 5
8 15 6 13 5 12 3 10
12 10 10 8 9 7 7 5
18 14 16 12 13 9 11 7
27 30 25 28 22 25 20 23
56 26 54 24 52 22 50 20
10 9 8 7 6 5 4 3
6 6 4 4 4 4 2 2
10 11 8 9 8 9 6 7
7 9 5 7 4 6 2 4
10 10 8 8 7 7 5 5
11 13 9 11 7 9 5 7
9 22 7 20 6 19 4 17
16 11 14 9 11 6 9 4
10 28 8 26 6 24 4 22
7 11 5 9 4 8 2 6
11 12 9 10 7 8 5 6
14 17 12 15 11 14 9 12
9 20 7 18 5 16 3 14
14 16 12 14 10 12 8 10
10 27 8 25 6 23 4 21
17 16 15 14 13 12 11 10
13 11 11 9 10 8 8 6
7 25 5 23 4 22 2 20
8 12 6 10 5 9 3 7
11 15 9 13 8 12 6 10
10 10 8 8 8 8 6 6
11 14 9 12 8 11 6 9
11 16 9 14 6 11 4 9
7 11 5 9 4 8 2 6
13 12 11 10 9 8 7 6
10 13 8 11 7 10 5 8
10 13 8 11 7 10 5 8
11 31 9 29 6 26 4 24
7 12 5 10 4 9 2 7
9 11 7 9 5 7 3 5
6 6 4 4 4 4 2 2
11 13 9 11 7 9 5 7
11 13 9 11 7 9 5 7
10 11 8 9 6 7 4 5
8 14 6 12 5 11 3 9
7 11 5 9 4 8 2 6
11 11 9 9 6 6 4 4
14 14 12 12 10 10 8 8
11 12 9 10 7 8 5 6
9 13 7 11 5 9 3 7
8 7 6 5 5 4 3 2
23 17 21 15 19 13 17 11
18 19 16 17 14 15 12 13
8 7 6 5 6 5 4 3
10 8 8 6 6 4 4 2
7 11 5 9 4 8 2 6
11 17 9 15 7 13 5 11
7 9 5 7 4 6 2 4
7 9 5 7 4 6 2 4
10 16 8 14 6 12 4 10
8 9 6 7 5 6 3 4
20 23 18 21 18 21 16 19
8 12 6 10 6 10 4 8
9 9 7 7 5 5 3 3
16 36 14 34 12 32 10 30
11 10 9 8 7 6 5 4
20 13 18 11 15 8 13 6
10 9 8 7 7 6 5 4
8 12 6 10 5 9 3 7
11 9 9 7 7 5 5 3
12 31 10 29 9 28 7 26
18 13 16 11 12 7 10 5
10 13 8 11 5 8 3 6
8 10 6 8 5 7 3 5
14 18 12 16 10 14 8 12
9 12 7 10 5 8 3 6
7 23 5 21 5 21 3 19
9 9 7 7 5 5 3 3
32 45 30 43 29 42 27 40
7 6 5 4 5 4 3 2
14 16 12 14 11 13 9 11
12 20 10 18 8 16 6 14
7 9 5 7 4 6 2 4
10 11 8 9 5 6 3 4
30 20 28 18 26 16 24 14
21 27 19 25 14 20 12 18
12 14 10 12 9 11 7 9
11 10 9 8 9 8 7 6
7 9 5 7 4 6 2 4
9 11 7 9 7 9 5 7
9 12 7 10 5 8 3 6
6 6 4 4 4 4 2 2
11 12 9 10 7 8 5 6
7 15 5 13 4 12 2 10
9 21 7 19 6 18 4 16
18 8 16 6 16 6 14 4
7 11 5 9 5 9 3 7
11 8 9 6 8 5 6 3
7 19 5 17 4 16 2 14
13 14 11 12 8 9 6 7
16 14 14 12 11 9 9 7
10 13 8 11 6 9 4 7
9 16 7 14 5 12 3 10
20 15 18 13 16 11 14 9
6 6 4 4 4 4 2 2
12 18 10 16 8 14 6 12
13 13 11 11 9 9 7 7
15 12 13 10 13 10 11 8
11 6 9 4 9 4 7 2
13 12 11 10 10 9 8 7
12 14 10 12 8 10 6 8
6 6 4 4 4 4 2 2
8 9 6 7 5 6 3 4
27 26 25 24 23 22 21 20
8 8 6 6 5 5 3 3
7 8 5 6 4 5 2 3
25 22 23 20 22 19 20 17
9 11 7 9 6 8 4 6
23 27 21 25 20 24 18 22
10 7 8 5 7 4 5 2
7 8 5 6 4 5 2 3
11 12 9 10 8 9 6 7
11 7 9 5 8 4 6 2
6 9 4 7 4 7 2 5
6 7 4 5 4 5 2 3
9 11 7 9 6 8 4 6
11 16 9 14 8 13 6 11
16 20 14 18 12 16 10 14
10 11 8 9 6 7 4 5
7 10 5 8 4 7 2 5
6 6 4 4 4 4 2 2
15 12 13 10 12 9 10 7
8 11 6 9 5 8 3 6
7 10 5 8 4 7 2 5
17 13 15 11 13 9 11 7
10 10 8 8 6 6 4 4
18 20 16 18 15 17 13 15
9 17 7 15 5 13 3 11
10 15 8 13 7 12 5 10
7 20 5 18 4 17 2 15
10 9 8 7 6 5 4 3
11 16 9 14 6 11 4 9
6 6 4 4 4 4 2 2
7 11 5 9 5 9 3 7
13 9 11 7 9 5 7 3
6 49 4 47 4 47 2 45
14 14 12 12 11 11 9 9
13 24 11 22 9 20 7 18
6 -5 4 -7 4 -7 2 -9
11 13 9 11 6 8 4 6
9 36 7 34 6 33 4 31
8 13 6 11 5 10 3 8
9 9 7 7 5 5 3 3
12 15 10 13 8 11 6 9
11 13 9 11 6 8 4 6
14 17 12 15 11 14 9 12
10 11 8 9 6 7 4 5
7 8 5 6 4 5 2 3
9 9 7 7 5 5 3 3
7 8 5 6 4 5 2 3
23 25 21 23 20 22 18 20
7 9 5 7 4 6 2 4
15 15 13 13 11 11 9 9
10 14 8 12 6 10 4 8
10 22 8 20 5 17 3 15
12 40 10 38 8 36 6 34
8 10 6 8 4 6 2 4
12 14 10 12 8 10 6 8
7 8 5 6 4 5 2 3
7 10 5 8 4 7 2 5
9 9 7 7 5 5 3 3
11 12 9 10 7 8 5 6
7 6 5 4 5 4 3 2
15 11 13 9 11 7 9 5
33 29 31 27 28 24 26 22
8 11 6 9 5 8 3 6
15 14 13 12 9 8 7 6
9 9 7 7 5 5 3 3
10 9 8 7 6 5 4 3
13 13 11 11 9 9 7 7
11 12 9 10 7 8 5 6
9 8 7 6 6 5 4 3
6 8 4 6 4 6 2 4
12 25 10 23 8 21 6 19
12 13 10 11 7 8 5 6
10 23 8 21 7 20 5 18
10 20 8 18 7 17 5 15
15 22 13 20 12 19 10 17
8 7 6 5 5 4 3 2
15 13 13 11 11 9 9 7
11 11 9 9 6 6 4 4
10 10 8 8 7 7 5 5
10 39 8 37 6 35 4 33
11 13 9 11 6 8 4 6
12 12 10 10 8 8 6 6
6 6 4 4 4 4 2 2
9 20 7 18 6 17 4 15
6 31 4 29 4 29 2 27
16 17 14 15 9 10 7 8
9 21 7 19 5 17 3 15
17 19 15 17 13 15 11 13
14 26 12 24 10 22 8 20
11 27 9 25 7 23 5 21
10 7 8 5 7 4 5 2
6 8 4 6 4 6 2 4
8 8 6 6 6 6 4 4
7 9 5 7 4 6 2 4
11 10 9 8 9 8 7 6
11 9 9 7 7 5 5 3
15 19 13 17 12 16 10 14
11 13 9 11 7 9 5 7
8 11 6 9 5 8 3 6
10 8 8 6 7 5 5 3
14 16 12 14 9 11 7 9
8 7 6 5 5 4 3 2
10 11 8 9 7 8 5 6
7 9 5 7 4 6 2 4
9 12 7 10 5 8 3 6
7 35 5 33 4 32 2 30
8 22 6 20 5 19 3 17
16 17 14 15 10 11 8 9
15 17 13 15 9 11 7 9
9 7 7 5 7 5 5 3
6 9 4 7 4 7 2 5
7 8 5 6 4 5 2 3
13 10 11 8 8 5 6 3
9 8 7 6 7 6 5 4
7 12 5 10 4 9 2 7
14 11 12 9 11 8 9 6
13 9 11 7 10 6 8 4
13 15 11 13 9 11 7 9
15 16 13 14 11 12 9 10
20 15 18 13 16 11 14 9
13 13 11 11 9 9 7 7
16 17 14 15 11 12 9 10
11 14 9 12 7 10 5 8
7 8 5 6 5 6 3 4
15 17 13 15 13 15 11 13
14 14 12 12 10 10 8 8
24 26 22 24 19 21 17 19
64 62 62 60 60 58 58 56
10 12 8 10 6 8 4 6
9 14 7 12 5 10 3 8
13 15 11 13 9 11 7 9
12 12 10 10 9 9 7 7
10 10 8 8 7 7 5 5
6 25 4 23 4 23 2 21
11 20 9 18 7 16 5 14
13 26 11 24 9 22 7 20
20 22 18 20 12 14 10 12
12 15 10 13 8 11 6 9
9 14 7 12 7 12 5 10
9 25 7 23 6 22 4 20
9 11 7 9 6 8 4 6
9 9 7 7 7 7 5 5
10 9 8 7 6 5 4 3
7 13 5 11 4 10 2 8
9 11 7 9 6 8 4 6
8 17 6 15 5 14 3 12
8 14 6 12 6 12 4 10
8 10 6 8 5 7 3 5
13 19 11 17 10 16 8 14
8 7 6 5 5 4 3 2
11 15 9 13 8 12 6 10
12 16 10 14 9 13 7 11
9 18 7 16 6 15 4 13
9 9 7 7 5 5 3 3
11 11 9 9 7 7 5 5
8 8 6 6 6 6 4 4
10 14 8 12 7 11 5 9
10 40 8 38 6 36 4 34
11 21 9 19 7 17 5 15
8 11 6 9 4 7 2 5
8 9 6 7 5 6 3 4
14 14 12 12 11 11 9 9
9 8 7 6 6 5 4 3
23 17 21 15 19 13 17 11
9 9 7 7 5 5 3 3
13 14 11 12 9 10 7 8
10 14 8 12 7 11 5 9
10 12 8 10 5 7 3 5
7 8 5 6 4 5 2 3
10 10 8 8 7 7 5 5
17 19 15 17 14 16 12 14
14 14 12 12 11 11 9 9
9 18 7 16 5 14 3 12
10 -1 8 -3 7 -4 5 -6
10 13 8 11 7 10 5 8
6 9 4 7 4 7 2 5
6 8 4 6 4 6 2 4
10 12 8 10 5 7 3 5
9 8 7 6 6 5 4 3
14 14 12 12 11 11 9 9
18 18 16 16 14 14 12 12
8 13 6 11 4 9 2 7
11 12 9 10 7 8 5 6
36 34 34 32 34 32 32 30
17 17 15 15 14 14 12 12
12 11 10 9 9 8 7 6
8 13 6 11 4 9 2 7
9 8 7 6 7 6 5 4
19 16 17 14 16 13 14 11
7 9 5 7 4 6 2 4
15 13 13 11 11 9 9 7
18 13 16 11 15 10 13 8
6 7 4 5 4 5 2 3
20 23 18 21 16 19 14 17
7 17 5 15 4 14 2 12
10 58 8 56 7 55 5 53
19 35 17 33 14 30 12 28
27 24 25 22 22 19 20 17
6 10 4 8 4 8 2 6
8 11 6 9 5 8 3 6
15 17 13 15 12 14 10 12
10 15 8 13 5 10 3 8
8 12 6 10 6 10 4 8
15 10 13 8 11 6 9 4
16 9 14 7 13 6 11 4
10 13 8 11 7 10 5 8
18 33 16 31 14 29 12 27
18 9 16 7 13 4 11 2
8 9 6 7 5 6 3 4
11 9 9 7 8 6 6 4
10 10 8 8 6 6 4 4
14 14 12 12 10 10 8 8
9 12 7 10 5 8 3 6
11 10 9 8 8 7 6 5
7 15 5 13 4 12 2 10
12 12 10 10 10 10 8 8
15 20 13 18 11 16 9 14
15 16 13 14 8 9 6 7
12 16 10 14 9 13 7 11
11 12 9 10 7 8 5 6
6 15 4 13 4 13 2 11
6 6 4 4 4 4 2 2
7 14 5 12 4 11 2 9
11 13 9 11 7 9 5 7
9 29 7 27 5 25 3 23
10 13 8 11 7 10 5 8
13 13 11 11 9 9 7 7
8 8 6 6 6 6 4 4
9 10 7 8 5 6 3 4
7 8 5 6 4 5 2 3
7 9 5 7 4 6 2 4
6 6 4 4 4 4 2 2
8 6 6 4 6 4 4 2
19 21 17 19 16 18 14 16
9 20 7 18 5 16 3 14
10 10 8 8 8 8 6 6
11 6 9 4 9 4 7 2
7 41 5 39 4 38 2 36
8 17 6 15 5 14 3 12
9 9 7 7 6 6 4 4
30 20 28 18 26 16 24 14
10 18 8 16 7 15 5 13
11 20 9 18 7 16 5 14
7 8 5 6 4 5 2 3
11 15 9 13 7 11 5 9
8 10 6 8 5 7 3 5
8 16 6 14 5 13 3 11
13 23 11 21 7 17 5 15
7 9 5 7 4 6 2 4
8 8 6 6 6 6 4 4
8 9 6 7 5 6 3 4
23 23 21 21 21 21 19 19
13 16 11 14 9 12 7 10
16 16 14 14 12 12 10 10
7 29 5 27 4 26 2 24
6 0 4 -2 4 -2 2 -4
10 14 8 12 6 10 4 8
10 8 8 6 7 5 5 3
12 23 10 21 8 19 6 17
13 34 11 32 9 30 7 28
6 7 4 5 4 5 2 3
11 13 9 11 8 10 6 8
9 9 7 7 6 6 4 4
10 6 8 4 8 4 6 2
8 11 6 9 5 8 3 6
12 19 10 17 8 15 6 13
11 16 9 14 7 12 5 10
10 11 8 9 6 7 4 5
7 8 5 6 4 5 2 3
8 11 6 9 5 8 3 6
12 16 10 14 8 12 6 10
22 23 20 21 19 20 17 18
14 20 12 18 10 16 8 14
9 10 7 8 5 6 3 4
8 15 6 13 5 12 3 10
12 12 10 10 9 9 7 7
7 9 5 7 4 6 2 4
7 12 5 10 4 9 2 7
14 15 12 13 7 8 5 6
6 6 4 4 4 4 2 2
9 9 7 7 6 6 4 4
13 3 11 1 10 0 8 -2
6 6 4 4 4 4 2 2
21 18 19 16 17 14 15 12
19 28 17 26 15 24 13 22
10 16 8 14 7 13 5 11
9 9 7 7 5 5 3 3
9 10 7 8 5 6 3 4
10 9 8 7 7 6 5 4
15 14 13 12 11 10 9 8
13 6 11 4 11 4 9 2
14 34 12 32 9 29 7 27
14 19 12 17 10 15 8 13
11 22 9 20 7 18 5 16
14 13 12 11 10 9 8 7
17 11 15 9 13 7 11 5
15 28 13 26 11 24 9 22
14 -2 12 -4 12 -4 10 -6
8 7 6 5 5 4 3 2
9 -29 7 -31 7 -31 5 -33
11 12 9 10 7 8 5 6
8 26 6 24 5 23 3 21
8 19 6 17 4 15 2 13
20 32 18 30 15 27 13 25
10 17 8 15 7 14 5 12
9 8 7 6 6 5 4 3
13 24 11 22 9 20 7 18
11 14 9 12 6 9 4 7
12 9 10 7 10 7 8 5
20 21 18 19 16 17 14 15
8 10 6 8 4 6 2 4
10 10 8 8 6 6 4 4
9 12 7 10 4 7 2 5
10 -17 8 -19 6 -21 4 -23
23 13 21 11 18 8 16 6
9 9 7 7 5 5 3 3
12 40 10 38 7 35 5 33
12 11 10 9 10 9 8 7
8 11 6 9 6 9 4 7
25 27 23 25 21 23 19 21
7 8 5 6 4 5 2 3
14 14 12 12 9 9 7 7
10 14 8 12 8 12 6 10
15 34 13 32 11 30 9 28
21 17 19 15 13 9 11 7
11 12 9 10 8 9 6 7
8 12 6 10 5 9 3 7
15 40 13 38 11 36 9 34
7 13 5 11 4 10 2 8
10 24 8 22 7 21 5 19
12 15 10 13 8 11 6 9
11 23 9 21 9 21 7 19
9 11 7 9 6 8 4 6
7 10 5 8 4 7 2 5
7 9 5 7 4 6 2 4
7 18 5 16 4 15 2 13
6 6 4 4 4 4 2 2
9 18 7 16 6 15 4 13
13 14 11 12 9 10 7 8
6 6 4 4 4 4 2 2
9 11 7 9 6 8 4 6
8 10 6 8 6 8 4 6
20 22 18 20 17 19 15 17
15 35 13 33 12 32 10 30
7 6 5 4 5 4 3 2
8 12 6 10 4 8 2 6
10 25 8 23 5 20 3 18
11 12 9 10 7 8 5 6
13 19 11 17 11 17 9 15
10 12 8 10 6 8 4 6
8 7 6 5 5 4 3 2
15 10 13 8 12 7 10 5
10 15 8 13 8 13 6 11
6 6 4 4 4 4 2 2
21 34 19 32 17 30 15 28
11 8 9 6 8 5 6 3
8 -1 6 -3 5 -4 3 -6
7 11 5 9 4 8 2 6
14 12 12 10 10 8 8 6
10 52 8 50 6 48 4 46
11 12 9 10 7 8 5 6
14 10 12 8 10 6 8 4
11 11 9 9 7 7 5 5
15 23 13 21 13 21 11 19
12 11 10 9 7 6 5 4
15 13 13 11 11 9 9 7
9 15 7 13 5 11 3 9
15 14 13 12 11 10 9 8
9 7 7 5 6 4 4 2
13 44 11 42 9 40 7 38
33 60 31 58 30 57 28 55
11 15 9 13 7 11 5 9
8 9 6 7 5 6 3 4
6 6 4 4 4 4 2 2
10 28 8 26 5 23 3 21
7 9 5 7 4 6 2 4
9 9 7 7 5 5 3 3
26 27 24 25 21 22 19 20
11 13 9 11 8 10 6 8
14 13 12 11 11 10 9 8
6 8 4 6 4 6 2 4
7 10 5 8 4 7 2 5
10 28 8 26 7 25 5 23
9 10 7 8 6 7 4 5
8 10 6 8 5 7 3 5
16 24 14 22 12 20 10 18
10 8 8 6 7 5 5 3
17 25 15 23 14 22 12 20
9 10 7 8 5 6 3 4
11 7 9 5 8 4 6 2
9 8 7 6 7 6 5 4
7 8 5 6 4 5 2 3
10 7 8 5 7 4 5 2
10 9 8 7 6 5 4 3
14 16 12 14 10 12 8 10
11 18 9 16 7 14 5 12
8 9 6 7 5 6 3 4
9 10 7 8 5 6 3 4
6 11 4 9 4 9 2 7
37 41 35 39 33 37 31 35
7 15 5 13 4 12 2 10
24 25 22 23 20 21 18 19
10 10 8 8 6 6 4 4
10 13 8 11 5 8 3 6
9 14 7 12 5 10 3 8
6 6 4 4 4 4 2 2
11 24 9 22 8 21 6 19
7 10 5 8 5 8 3 6
13 29 11 27 10 26 8 24
8 19 6 17 5 16 3 14
9 19 7 17 6 16 4 14
12 14 10 12 8 10 6 8
9 10 7 8 5 6 3 4
6 33 4 31 4 31 2 29
18 18 16 16 14 14 12 12
10 9 8 7 6 5 4 3
10 8 8 6 7 5 5 3
11 9 9 7 8 6 6 4
16 16 14 14 12 12 10 10
16 15 14 13 12 11 10 9
6 9 4 7 4 7 2 5
7 12 5 10 4 9 2 7
11 85 9 83 7 81 5 79
9 17 7 15 5 13 3 11
8 7 6 5 5 4 3 2
15 39 13 37 11 35 9 33
22 25 20 23 20 23 18 21
16 28 14 26 12 24 10 22
12 20 10 18 9 17 7 15
11 12 9 10 7 8 5 6
10 40 8 38 7 37 5 35
6 8 4 6 4 6 2 4
19 15 17 13 16 12 14 10
8 14 6 12 4 10 2 8
10 41 8 39 7 38 5 36
11 11 9 9 7 7 5 5
14 14 12 12 12 12 10 10
9 7 7 5 6 4 4 2
6 6 4 4 4 4 2 2
19 -12 17 -14 15 -16 13 -18
6 -2 4 -4 4 -4 2 -6
10 7 8 5 7 4 5 2
20 9 18 7 16 5 14 3
6 23 4 21 4 21 2 19
8 7 6 5 5 4 3 2
10 14 8 12 7 11 5 9
19 18 17 16 17 16 15 14
8 11 6 9 5 8 3 6
13 11 11 9 8 6 6 4
9 41 7 39 5 37 3 35
9 10 7 8 5 6 3 4
11 9 9 7 7 5 5 3
10 9 8 7 6 5 4 3
11 12 9 10 7 8 5 6
25 26 23 24 21 22 19 20
11 12 9 10 7 8 5 6
11 11 9 9 7 7 5 5
11 12 9 10 8 9 6 7
17 11 15 9 14 8 12 6
10 11 8 9 6 7 4 5
15 25 13 23 11 21 9 19
9 10 7 8 6 7 4 5
11 15 9 13 9 13 7 11
14 12 12 10 9 7 7 5
11 11 9 9 7 7 5 5
9 10 7 8 5 6 3 4
13 18 11 16 11 16 9 14
12 13 10 11 9 10 7 8
13 23 11 21 9 19 7 17
6 7 4 5 4 5 2 3
7 12 5 10 4 9 2 7
12 27 10 25 8 23 6 21
10 17 8 15 5 12 3 10
7 13 5 11 4 10 2 8
12 11 10 9 8 7 6 5
9 9 7 7 5 5 3 3
9 8 7 6 6 5 4 3
12 9 10 7 9 6 7 4
7 13 5 11 4 10 2 8
13 17 11 15 9 13 7 11
7 13 5 11 4 10 2 8
12 11 10 9 7 6 5 4
6 6 4 4 4 4 2 2
17 21 15 19 13 17 11 15
16 14 14 12 11 9 9 7
7 11 5 9 4 8 2 6
9 14 7 12 5 10 3 8
12 24 10 22 8 20 6 18
7 9 5 7 4 6 2 4
8 13 6 11 6 11 4 9
10 15 8 13 6 11 4 9
8 8 6 6 5 5 3 3
8 12 6 10 5 9 3 7
9 9 7 7 6 6 4 4
23 34 21 32 17 28 15 26
8 9 6 7 5 6 3 4
13 27 11 25 10 24 8 22
8 19 6 17 4 15 2 13
7 11 5 9 4 8 2 6
31 39 29 37 28 36 26 34
12 12 10 10 8 8 6 6
10 16 8 14 5 11 3 9
11 11 9 9 7 7 5 5
8 9 6 7 5 6 3 4
6 6 4 4 4 4 2 2
6 6 4 4 4 4 2 2
11 12 9 10 7 8 5 6
9 9 7 7 5 5 3 3
6 12 4 10 4 10 2 8
8 10 6 8 5 7 3 5
10 7 8 5 7 4 5 2
14 14 12 12 12 12 10 10
11 13 9 11 8 10 6 8
12 20 10 18 8 16 6 14
12 14 10 12 6 8 4 6
8 17 6 15 5 14 3 12
11 11 9 9 6 6 4 4
12 38 10 36 8 34 6 32
12 12 10 10 8 8 6 6
20 8 18 6 17 5 15 3
24 26 22 24 21 23 19 21
6 6 4 4 4 4 2 2
13 12 11 10 9 8 7 6
13 18 11 16 9 14 7 12
6 10 4 8 4 8 2 6
10 12 8 10 5 7 3 5
7 16 5 14 4 13 2 11
10 16 8 14 5 11 3 9
8 9 6 7 5 6 3 4
13 16 11 14 9 12 7 10
12 11 10 9 9 8 7 6
12 14 10 12 8 10 6 8
8 10 6 8 6 8 4 6
7 14 5 12 4 11 2 9
12 9 10 7 8 5 6 3
13 13 11 11 8 8 6 6
13 15 11 13 7 9 5 7
12 9 10 7 8 5 6 3
11 10 9 8 8 7 6 5
7 12 5 10 5 10 3 8
18 20 16 18 14 16 12 14
7 27 5 25 4 24 2 22
15 20 13 18 11 16 9 14
10 16 8 14 6 12 4 10
16 14 14 12 13 11 11 9
11 21 9 19 7 17 5 15
7 8 5 6 4 5 2 3
11 26 9 24 9 24 7 22
6 8 4 6 4 6 2 4
9 9 7 7 5 5 3 3
8 10 6 8 4 6 2 4
9 7 7 5 6 4 4 2
11 22 9 20 7 18 5 16
13 26 11 24 10 23 8 21
7 9 5 7 4 6 2 4
9 24 7 22 5 20 3 18
7 12 5 10 4 9 2 7
9 13 7 11 5 9 3 7
21 19 19 17 18 16 16 14
11 9 9 7 8 6 6 4
10 -12 8 -14 6 -16 4 -18
10 11 8 9 7 8 5 6
17 14 15 12 13 10 11 8
6 6 4 4 4 4 2 2
19 24 17 22 15 20 13 18
7 10 5 8 4 7 2 5
22 36 20 34 14 28 12 26
31 48 29 46 26 43 24 41
13 14 11 12 10 11 8 9
8 7 6 5 5 4 3 2
24 35 22 33 20 31 18 29
9 11 7 9 5 7 3 5
10 10 8 8 6 6 4 4
14 31 12 29 10 27 8 25
11 11 9 9 7 7 5 5
7 27 5 25 4 24 2 22
14 16 12 14 9 11 7 9
9 9 7 7 5 5 3 3
13 8 11 6 9 4 7 2
33 43 31 41 30 40 28 38
6 21 4 19 4 19 2 17
14 8 12 6 11 5 9 3
16 19 14 17 6 9 4 7
10 19 8 17 7 16 5 14
22 33 20 31 19 30 17 28
6 7 4 5 4 5 2 3
11 18 9 16 7 14 5 12
14 16 12 14 11 13 9 11
8 40 6 38 5 37 3 35
53 37 51 35 51 35 49 33
6 6 4 4 4 4 2 2
9 18 7 16 5 14 3 12
14 10 12 8 11 7 9 5
14 13 12 11 11 10 9 8
8 7 6 5 5 4 3 2
14 19 12 17 9 14 7 12
14 38 12 36 11 35 9 33
10 12 8 10 6 8 4 6
11 12 9 10 7 8 5 6
8 10 6 8 5 7 3 5
14 16 12 14 10 12 8 10
10 11 8 9 7 8 5 6
7 15 5 13 4 12 2 10
9 10 7 8 6 7 4 5
11 16 9 14 7 12 5 10
6 6 4 4 4 4 2 2
12 19 10 17 8 15 6 13
17 20 15 18 13 16 11 14
10 36 8 34 7 33 5 31
11 16 9 14 8 13 6 11
21 21 19 19 18 18 16 16
9 12 7 10 7 10 5 8
7 8 5 6 4 5 2 3
7 10 5 8 4 7 2 5
8 7 6 5 5 4 3 2
9 9 7 7 5 5 3 3
19 28 17 26 16 25 14 23
9 9 7 7 5 5 3 3
16 16 14 14 12 12 10 10
20 34 18 32 15 29 13 27
11 11 9 9 6 6 4 4
6 6 4 4 4 4 2 2
7 12 5 10 4 9 2 7
9 8 7 6 6 5 4 3
16 13 14 11 11 8 9 6
7 24 5 22 4 21 2 19
16 15 14 13 13 12 11 10
10 15 8 13 7 12 5 10
11 12 9 10 7 8 5 6
9 10 7 8 6 7 4 5
11 12 9 10 7 8 5 6
13 16 11 14 10 13 8 11
10 10 8 8 7 7 5 5
7 9 5 7 4 6 2 4
6 6 4 4 4 4 2 2
13 10 11 8 10 7 8 5
14 13 12 11 11 10 9 8
13 17 11 15 9 13 7 11
14 29 12 27 10 25 8 23
8 26 6 24 5 23 3 21
8 11 6 9 5 8 3 6
8 10 6 8 4 6 2 4
9 14 7 12 5 10 3 8
11 16 9 14 7 12 5 10
7 15 5 13 4 12 2 10
7 16 5 14 4 13 2 11
9 22 7 20 5 18 3 16
8 11 6 9 6 9 4 7
12 13 10 11 7 8 5 6
21 29 19 27 17 25 15 23
7 15 5 13 4 12 2 10
13 13 11 11 10 10 8 8
17 11 15 9 14 8 12 6
13 17 11 15 9 13 7 11
8 9 6 7 4 5 2 3
9 18 7 16 5 14 3 12
16 24 14 22 12 20 10 18
20 19 18 17 16 15 14 13
11 33 9 31 7 29 5 27
9 9 7 7 5 5 3 3
10 11 8 9 6 7 4 5
6 6 4 4 4 4 2 2
11 13 9 11 7 9 5 7
7 9 5 7 4 6 2 4
8 6 6 4 6 4 4 2
10 37 8 35 7 34 5 32
12 27 10 25 9 24 7 22
6 6 4 4 4 4 2 2
6 8 4 6 4 6 2 4
9 29 7 27 6 26 4 24
10 15 8 13 7 12 5 10
8 9 6 7 6 7 4 5
8 19 6 17 5 16 3 14
10 17 8 15 7 14 5 12
12 13 10 11 9 10 7 8
14 13 12 11 10 9 8 7
6 13 4 11 4 11 2 9
11 23 9 21 8 20 6 18
9 10 7 8 6 7 4 5
7 10 5 8 4 7 2 5
8 8 6 6 6 6 4 4
21 29 19 27 18 26 16 24
6 6 4 4 4 4 2 2
11 19 9 17 7 15 5 13
20 12 18 10 15 7 13 5
8 17 6 15 5 14 3 12
8 14 6 12 4 10 2 8
13 17 11 15 10 14 8 12
7 51 5 49 4 48 2 46
13 12 11 10 9 8 7 6
10 18 8 16 8 16 6 14
7 6 5 4 5 4 3 2
19 18 17 16 16 15 14 13
14 16 12 14 10 12 8 10
9 21 7 19 6 18 4 16
16 14 14 12 12 10 10 8
7 12 5 10 4 9 2 7
9 13 7 11 6 10 4 8
8 7 6 5 5 4 3 2
13 15 11 13 10 12 8 10
16 18 14 16 8 10 6 8
25 24 23 22 21 20 19 18
11 12 9 10 7 8 5 6
8 7 6 5 5 4 3 2
6 7 4 5 4 5 2 3
14 14 12 12 11 11 9 9
7 9 5 7 4 6 2 4
9 9 7 7 5 5 3 3
9 18 7 16 5 14 3 12
8 9 6 7 5 6 3 4
8 7 6 5 5 4 3 2
8 13 6 11 5 10 3 8
7 6 5 4 5 4 3 2
9 11 7 9 5 7 3 5
7 11 5 9 4 8 2 6
14 14 12 12 10 10 8 8
11 14 9 12 7 10 5 8
12 11 10 9 8 7 6 5
7 19 5 17 4 16 2 14
10 15 8 13 7 12 5 10
8 8 6 6 6 6 4 4
11 12 9 10 7 8 5 6
7 10 5 8 4 7 2 5
6 7 4 5 4 5 2 3
7 11 5 9 4 8 2 6
7 10 5 8 4 7 2 5
26 31 24 29 22 27 20 25
13 16 11 14 8 11 6 9
7 8 5 6 4 5 2 3
11 12 9 10 8 9 6 7
9 17 7 15 5 13 3 11
50 47 48 45 47 44 45 42
14 18 12 16 11 15 9 13
9 15 7 13 5 11 3 9
8 6 6 4 6 4 4 2
7 8 5 6 4 5 2 3
23 23 21 21 19 19 17 17
8 9 6 7 5 6 3 4
8 10 6 8 5 7 3 5
17 19 15 17 13 15 11 13
7 18 5 16 4 15 2 13
18 25 16 23 14 21 12 19
8 12 6 10 5 9 3 7
9 11 7 9 5 7 3 5
21 20 19 18 17 16 15 14
16 16 14 14 14 14 12 12
14 17 12 15 11 14 9 12
10 33 8 31 7 30 5 28
14 22 12 20 8 16 6 14
7 19 5 17 4 16 2 14
10 12 8 10 6 8 4 6
8 8 6 6 6 6 4 4
9 14 7 12 5 10 3 8
16 17 14 15 12 13 10 11
11 14 9 12 8 11 6 9
9 9 7 7 5 5 3 3
7 8 5 6 4 5 2 3
8 9 6 7 6 7 4 5
7 14 5 12 4 11 2 9
10 11 8 9 6 7 4 5
9 10 7 8 5 6 3 4
14 14 12 12 9 9 7 7
9 11 7 9 5 7 3 5
9 11 7 9 6 8 4 6
8 12 6 10 5 9 3 7
9 13 7 11 5 9 3 7
6 11 4 9 4 9 2 7
11 15 9 13 7 11 5 9
15 33 13 31 11 29 9 27
9 13 7 11 6 10 4 8
11 40 9 38 7 36 5 34
12 18 10 16 8 14 6 12
26 25 24 23 24 23 22 21
12 9 10 7 9 6 7 4
10 9 8 7 6 5 4 3
12 12 10 10 10 10 8 8
7 8 5 6 4 5 2 3
13 23 11 21 9 19 7 17
11 16 9 14 6 11 4 9
16 53 14 51 12 49 10 47
9 39 7 37 5 35 3 33
8 12 6 10 5 9 3 7
9 16 7 14 5 12 3 10
9 9 7 7 5 5 3 3
8 7 6 5 5 4 3 2
17 16 15 14 12 11 10 9
10 10 8 8 6 6 4 4
11 15 9 13 7 11 5 9
9 37 7 35 5 33 3 31
15 23 13 21 12 20 10 18
7 21 5 19 4 18 2 16
8 10 6 8 5 7 3 5
12 14 10 12 9 11 7 9
7 26 5 24 4 23 2 21
13 14 11 12 8 9 6 7
11 17 9 15 8 14 6 12
15 14 13 12 13 12 11 10
15 14 13 12 13 12 11 10
9 52 7 50 6 49 4 47
13 9 11 7 9 5 7 3
11 11 9 9 7 7 5 5
17 9 15 7 14 6 12 4
6 6 4 4 4 4 2 2
9 9 7 7 5 5 3 3
8 9 6 7 5 6 3 4
13 31 11 29 9 27 7 25
11 15 9 13 6 10 4 8
6 6 4 4 4 4 2 2
8 9 6 7 5 6 3 4
12 16 10 14 6 10 4 8
20 16 18 14 17 13 15 11
14 31 12 29 8 25 6 23
14 13 12 11 10 9 8 7
9 15 7 13 5 11 3 9
6 6 4 4 4 4 2 2
10 18 8 16 7 15 5 13
14 14 12 12 9 9 7 7
7 27 5 25 4 24 2 22
19 16 17 14 14 11 12 9
8 14 6 12 5 11 3 9
10 8 8 6 6 4 4 2
14 14 12 12 10 10 8 8
14 13 12 11 10 9 8 7
8 7 6 5 5 4 3 2
17 15 15 13 14 12 12 10
10 14 8 12 8 12 6 10
11 10 9 8 6 5 4 3
8 14 6 12 5 11 3 9
12 18 10 16 8 14 6 12
9 51 7 49 6 48 4 46
10 11 8 9 5 6 3 4
21 20 19 18 18 17 16 15
8 10 6 8 5 7 3 5
11 12 9 10 7 8 5 6
9 16 7 14 6 13 4 11
13 11 11 9 10 8 8 6
19 9 17 7 15 5 13 3
11 14 9 12 9 12 7 10
8 10 6 8 5 7 3 5
24 22 22 20 21 19 19 17
8 14 6 12 4 10 2 8
12 14 10 12 8 10 6 8
7 7 5 5 5 5 3 3
12 21 10 19 8 17 6 15
11 11 9 9 7 7 5 5
6 8 4 6 4 6 2 4
10 9 8 7 6 5 4 3
8 12 6 10 5 9 3 7
16 21 14 19 13 18 11 16
10 9 8 7 7 6 5 4
11 14 9 12 8 11 6 9
6 9 4 7 4 7 2 5
13 14 11 12 10 11 8 9
16 17 14 15 12 13 10 11
11 13 9 11 6 8 4 6
6 8 4 6 4 6 2 4
12 12 10 10 6 6 4 4
14 18 12 16 10 14 8 12
17 12 15 10 13 8 11 6
9 10 7 8 5 6 3 4
12 18 10 16 8 14 6 12
8 13 6 11 5 10 3 8
10 13 8 11 5 8 3 6
8 18 6 16 4 14 2 12
11 12 9 10 7 8 5 6
10 7 8 5 7 4 5 2
10 13 8 11 6 9 4 7
18 18 16 16 11 11 9 9
10 9 8 7 6 5 4 3
7 6 5 4 5 4 3 2
12 17 10 15 8 13 6 11
11 13 9 11 7 9 5 7
8 7 6 5 5 4 3 2
8 30 6 28 5 27 3 25
10 7 8 5 7 4 5 2
14 19 12 17 10 15 8 13
11 12 9 10 8 9 6 7
10 10 8 8 6 6 4 4
6 6 4 4 4 4 2 2
7 8 5 6 4 5 2 3
8 9 6 7 5 6 3 4
10 13 8 11 4 7 2 5
7 10 5 8 4 7 2 5
13 12 11 10 10 9 8 7
19 15 17 13 14 10 12 8
7 10 5 8 4 7 2 5
13 14 11 12 9 10 7 8
22 19 20 17 19 16 17 14
12 11 10 9 9 8 7 6
17 17 15 15 15 15 13 13
16 15 14 13 12 11 10 9
19 18 17 16 15 14 13 12
9 8 7 6 6 5 4 3
13 15 11 13 8 10 6 8
8 7 6 5 5 4 3 2
7 22 5 20 4 19 2 17
11 13 9 11 7 9 5 7
13 36 11 34 10 33 8 31
7 22 5 20 4 19 2 17
11 13 9 11 6 8 4 6
7 24 5 22 4 21 2 19
8 9 6 7 5 6 3 4
8 18 6 16 5 15 3 13
9 8 7 6 6 5 4 3
14 16 12 14 10 12 8 10
12 15 10 13 8 11 6 9
15 10 13 8 12 7 10 5
12 12 10 10 8 8 6 6
17 12 15 10 12 7 10 5
7 10 5 8 4 7 2 5
25 42 23 40 21 38 19 36
14 15 12 13 10 11 8 9
7 9 5 7 4 6 2 4
7 14 5 12 4 11 2 9
9 14 7 12 5 10 3 8
11 10 9 8 7 6 5 4
9 18 7 16 5 14 3 12
9 9 7 7 5 5 3 3
8 7 6 5 5 4 3 2
10 14 8 12 6 10 4 8
6 6 4 4 4 4 2 2
9 9 7 7 5 5 3 3
9 9 7 7 5 5 3 3
10 18 8 16 7 15 5 13
9 11 7 9 5 7 3 5
7 12 5 10 4 9 2 7
8 7 6 5 5 4 3 2
9 28 7 26 5 24 3 22
11 28 9 26 6 23 4 21
11 16 9 14 8 13 6 11
8 13 6 11 5 10 3 8
12 22 10 20 8 18 6 16
12 13 10 11 7 8 5 6
12 14 10 12 7 9 5 7
16 9 14 7 13 6 11 4
9 15 7 13 7 13 5 11
16 17 14 15 13 14 11 12
13 16 11 14 8 11 6 9
19 17 17 15 16 14 14 12
8 7 6 5 5 4 3 2
18 32 16 30 15 29 13 27
9 42 7 40 6 39 4 37
10 22 8 20 7 19 5 17
7 9 5 7 5 7 3 5
21 33 19 31 18 30 16 28
9 11 7 9 6 8 4 6
7 60 5 58 4 57 2 55
7 17 5 15 4 14 2 12
11 14 9 12 7 10 5 8
10 11 8 9 6 7 4 5
18 21 16 19 14 17 12 15
7 21 5 19 4 18 2 16
11 22 9 20 8 19 6 17
9 7 7 5 6 4 4 2
8 32 6 30 5 29 3 27
7 18 5 16 4 15 2 13
13 17 11 15 9 13 7 11
13 11 11 9 8 6 6 4
20 28 18 26 16 24 14 22
10 9 8 7 6 5 4 3
26 40 24 38 23 37 21 35
8 7 6 5 5 4 3 2
10 8 8 6 6 4 4 2
20 17 18 15 16 13 14 11
9 11 7 9 5 7 3 5
9 12 7 10 5 8 3 6
6 20 4 18 4 18 2 16
11 15 9 13 7 11 5 9
10 12 8 10 5 7 3 5
18 16 16 14 16 14 14 12
10 9 8 7 7 6 5 4
20 -17 18 -19 16 -21 14 -23
7 13 5 11 4 10 2 8
17 15 15 13 14 12 12 10
13 8 11 6 10 5 8 3
8 8 6 6 6 6 4 4
11 10 9 8 6 5 4 3
6 6 4 4 4 4 2 2
7 10 5 8 4 7 2 5
8 15 6 13 5 12 3 10
13 11 11 9 11 9 9 7
8 8 6 6 6 6 4 4
8 8 6 6 6 6 4 4
6 6 4 4 4 4 2 2
9 8 7 6 6 5 4 3
9 45 7 43 5 41 3 39
11 11 9 9 8 8 6 6
13 11 11 9 8 6 6 4
7 7 5 5 5 5 3 3
9 -20 7 -22 5 -24 3 -26
14 33 12 31 10 29 8 27
6 8 4 6 4 6 2 4
9 12 7 10 6 9 4 7
6 6 4 4 4 4 2 2
8 10 6 8 4 6 2 4
7 15 5 13 4 12 2 10
8 9 6 7 5 6 3 4
9 14 7 12 5 10 3 8
7 36 5 34 4 33 2 31
10 16 8 14 6 12 4 10
8 18 6 16 5 15 3 13
11 12 9 10 7 8 5 6
17 14 15 12 13 10 11 8
6 14 4 12 4 12 2 10
13 21 11 19 9 17 7 15
10 8 8 6 7 5 5 3
12 13 10 11 8 9 6 7
25 30 23 28 22 27 20 25
14 22 12 20 11 19 9 17
11 12 9 10 7 8 5 6
14 13 12 11 11 10 9 8
12 9 10 7 8 5 6 3
11 10 9 8 6 5 4 3
13 13 11 11 7 7 5 5
9 10 7 8 6 7 4 5
15 24 13 22 11 20 9 18
9 23 7 21 7 21 5 19
14 13 12 11 10 9 8 7
10 10 8 8 6 6 4 4
9 9 7 7 5 5 3 3
9 9 7 7 5 5 3 3
8 9 6 7 5 6 3 4
10 7 8 5 7 4 5 2
12 11 10 9 7 6 5 4
14 12 12 10 10 8 8 6
7 7 5 5 5 5 3 3
10 11 8 9 5 6 3 4
12 14 10 12 8 10 6 8
8 8 6 6 6 6 4 4
7 21 5 19 4 18 2 16
6 15 4 13 4 13 2 11
6 6 4 4 4 4 2 2
8 9 6 7 5 6 3 4
9 13 7 11 6 10 4 8
10 16 8 14 5 11 3 9
13 17 11 15 9 13 7 11
10 6 8 4 8 4 6 2
68 74 66 72 62 68 60 66
10 9 8 7 6 5 4 3
11 8 9 6 7 4 5 2
11 10 9 8 6 5 4 3
11 8 9 6 7 4 5 2
6 9 4 7 4 7 2 5
11 12 9 10 6 7 4 5
9 11 7 9 7 9 5 7
16 13 14 11 12 9 10 7
11 15 9 13 8 12 6 10
10 10 8 8 8 8 6 6
8 13 6 11 5 10 3 8
28 29 26 27 23 24 21 22
7 14 5 12 4 11 2 9
12 15 10 13 8 11 6 9
11 15 9 13 7 11 5 9
12 10 10 8 8 6 6 4
10 9 8 7 7 6 5 4
9 20 7 18 4 15 2 13
7 30 5 28 5 28 3 26
22 22 20 20 19 19 17 17
7 24 5 22 4 21 2 19
8 8 6 6 5 5 3 3
9 14 7 12 6 11 4 9
9 9 7 7 5 5 3 3
11 13 9 11 7 9 5 7
17 13 15 11 12 8 10 6
7 8 5 6 4 5 2 3
8 10 6 8 4 6 2 4
11 13 9 11 8 10 6 8
6 8 4 6 4 6 2 4
9 12 7 10 5 8 3 6
6 6 4 4 4 4 2 2
11 15 9 13 8 12 6 10
11 12 9 10 7 8 5 6
8 8 6 6 6 6 4 4
13 18 11 16 9 14 7 12
6 6 4 4 4 4 2 2
13 14 11 12 11 12 9 10
9 25 7 23 5 21 3 19
9 13 7 11 6 10 4 8
6 6 4 4 4 4 2 2
14 11 12 9 10 7 8 5
11 15 9 13 7 11 5 9
9 20 7 18 6 17 4 15
9 12 7 10 5 8 3 6
9 29 7 27 5 25 3 23
9 10 7 8 5 6 3 4
13 10 11 8 10 7 8 5
16 17 14 15 10 11 8 9
9 12 7 10 5 8 3 6
9 -19 7 -21 5 -23 3 -25
9 18 7 16 7 16 5 14
14 27 12 25 10 23 8 21
7 14 5 12 4 11 2 9
8 26 6 24 5 23 3 21
10 7 8 5 7 4 5 2
14 15 12 13 11 12 9 10
10 9 8 7 6 5 4 3
8 9 6 7 6 7 4 5
11 7 9 5 8 4 6 2
13 11 11 9 10 8 8 6
9 9 7 7 5 5 3 3
11 9 9 7 8 6 6 4
11 1 9 -1 5 -5 3 -7
12 28 10 26 9 25 7 23
24 26 22 24 20 22 18 20
9 25 7 23 6 22 4 20
10 17 8 15 5 12 3 10
7 9 5 7 5 7 3 5
8 7 6 5 5 4 3 2
6 16 4 14 4 14 2 12
13 30 11 28 6 23 4 21
6 6 4 4 4 4 2 2
10 23 8 21 7 20 5 18
6 13 4 11 4 11 2 9
8 10 6 8 5 7 3 5
20 26 18 24 15 21 13 19
30 32 28 30 27 29 25 27
7 6 5 4 5 4 3 2
9 9 7 7 5 5 3 3
11 17 9 15 6 12 4 10
11 12 9 10 7 8 5 6
19 36 17 34 16 33 14 31
9 10 7 8 5 6 3 4
21 26 19 24 18 23 16 21
12 11 10 9 9 8 7 6
10 16 8 14 6 12 4 10
10 9 8 7 7 6 5 4
12 9 10 7 8 5 6 3
8 21 6 19 5 18 3 16
23 17 21 15 20 14 18 12
18 15 16 13 9 6 7 4
10 30 8 28 7 27 5 25
8 12 6 10 5 9 3 7
32 23 30 21 28 19 26 17
12 6 10 4 10 4 8 2
8 6 6 4 6 4 4 2
9 14 7 12 5 10 3 8
22 28 20 26 18 24 16 22
9 18 7 16 6 15 4 13
19 19 17 17 14 14 12 12
10 23 8 21 7 20 5 18
19 15 17 13 16 12 14 10
15 26 13 24 9 20 7 18
9 9 7 7 5 5 3 3
11 8 9 6 9 6 7 4
15 17 13 15 10 12 8 10
10 11 8 9 7 8 5 6
10 13 8 11 6 9 4 7
9 13 7 11 6 10 4 8
16 23 14 21 13 20 11 18
7 8 5 6 4 5 2 3
23 27 21 25 20 24 18 22
10 10 8 8 7 7 5 5
13 40 11 38 9 36 7 34
8 18 6 16 6 16 4 14
27 18 25 16 24 15 22 13
7 8 5 6 4 5 2 3
9 10 7 8 7 8 5 6
12 9 10 7 8 5 6 3
9 15 7 13 6 12 4 10
10 13 8 11 5 8 3 6
7 8 5 6 4 5 2 3
11 16 9 14 7 12 5 10
14 12 12 10 12 10 10 8
28 21 26 19 25 18 23 16
6 11 4 9 4 9 2 7
8 13 6 11 5 10 3 8
8 10 6 8 5 7 3 5
7 9 5 7 4 6 2 4
6 6 4 4 4 4 2 2
9 13 7 11 5 9 3 7
11 6 9 4 9 4 7 2
9 14 7 12 5 10 3 8
13 8 11 6 10 5 8 3
7 28 5 26 5 26 3 24
12 26 10 24 8 22 6 20
9 9 7 7 7 7 5 5
8 18 6 16 5 15 3 13
11 12 9 10 6 7 4 5
16 26 14 24 12 22 10 20
10 14 8 12 6 10 4 8
18 15 16 13 14 11 12 9
11 10 9 8 8 7 6 5
6 9 4 7 4 7 2 5
7 8 5 6 4 5 2 3
11 17 9 15 5 11 3 9
11 8 9 6 8 5 6 3
18 12 16 10 13 7 11 5
6 6 4 4 4 4 2 2
10 11 8 9 5 6 3 4
8 11 6 9 4 7 2 5
11 10 9 8 8 7 6 5
7 8 5 6 4 5 2 3
19 22 17 20 15 18 13 16
9 19 7 17 7 17 5 15
11 33 9 31 7 29 5 27
11 12 9 10 8 9 6 7
9 7 7 5 6 4 4 2
12 11 10 9 8 7 6 5
15 67 13 65 11 63 9 61
8 22 6 20 5 19 3 17
10 15 8 13 8 13 6 11
9 10 7 8 5 6 3 4
25 25 23 23 20 20 18 18
22 12 20 10 18 8 16 6
10 14 8 12 6 10 4 8
10 9 8 7 7 6 5 4
9 7 7 5 6 4 4 2
14 19 12 17 11 16 9 14
7 15 5 13 4 12 2 10
12 12 10 10 9 9 7 7
9 9 7 7 5 5 3 3
12 11 10 9 8 7 6 5
12 24 10 22 9 21 7 19
9 16 7 14 5 12 3 10
7 10 5 8 4 7 2 5
11 10 9 8 9 8 7 6
7 22 5 20 4 19 2 17
18 12 16 10 14 8 12 6
19 39 17 37 15 35 13 33
16 17 14 15 13 14 11 12
6 6 4 4 4 4 2 2
9 8 7 6 6 5 4 3
8 10 6 8 4 6 2 4
12 28 10 26 6 22 4 20
7 14 5 12 4 11 2 9
18 23 16 21 15 20 13 18
8 8 6 6 5 5 3 3
12 24 10 22 9 21 7 19
16 9 14 7 13 6 11 4
20 22 18 20 17 19 15 17
15 0 13 -2 11 -4 9 -6
19 26 17 24 15 22 13 20
13 15 11 13 10 12 8 10
8 10 6 8 5 7 3 5
7 8 5 6 4 5 2 3
8 11 6 9 5 8 3 6
7 8 5 6 4 5 2 3
11 14 9 12 8 11 6 9
7 19 5 17 4 16 2 14
15 16 13 14 10 11 8 9
15 20 13 18 11 16 9 14
7 9 5 7 4 6 2 4
11 12 9 10 8 9 6 7
9 9 7 7 5 5 3 3
6 9 4 7 4 7 2 5
12 7 10 5 9 4 7 2
10 9 8 7 6 5 4 3
18 16 16 14 13 11 11 9
9 15 7 13 5 11 3 9
17 20 15 18 13 16 11 14
10 11 8 9 5 6 3 4
21 12 19 10 18 9 16 7
13 24 11 22 9 20 7 18
18 20 16 18 15 17 13 15
11 16 9 14 7 12 5 10
7 11 5 9 4 8 2 6
8 8 6 6 5 5 3 3
12 24 10 22 9 21 7 19
21 13 19 11 16 8 14 6
13 21 11 19 10 18 8 16
11 14 9 12 8 11 6 9
11 12 9 10 7 8 5 6
10 14 8 12 6 10 4 8
13 15 11 13 8 10 6 8
7 6 5 4 5 4 3 2
12 21 10 19 6 15 4 13
19 15 17 13 16 12 14 10
11 9 9 7 7 5 5 3
13 9 11 7 10 6 8 4
30 33 28 31 25 28 23 26
12 11 10 9 9 8 7 6
30 41 28 39 26 37 24 35
23 32 21 30 19 28 17 26
8 9 6 7 5 6 3 4
11 14 9 12 8 11 6 9
9 9 7 7 7 7 5 5
9 11 7 9 7 9 5 7
6 10 4 8 4 8 2 6
9 8 7 6 6 5 4 3
15 20 13 18 10 15 8 13
10 7 8 5 7 4 5 2
7 7 5 5 5 5 3 3
14 13 12 11 9 8 7 6
25 26 23 24 20 21 18 19
22 12 20 10 19 9 17 7
6 20 4 18 4 18 2 16
11 13 9 11 6 8 4 6
8 12 6 10 5 9 3 7
21 24 19 22 18 21 16 19
11 10 9 8 7 6 5 4
6 11 4 9 4 9 2 7
6 6 4 4 4 4 2 2
22 27 20 25 17 22 15 20
18 19 16 17 10 11 8 9
6 19 4 17 4 17 2 15
9 23 7 21 5 19 3 17
8 12 6 10 5 9 3 7
8 11 6 9 5 8 3 6
7 12 5 10 4 9 2 7
11 19 9 17 7 15 5 13
8 8 6 6 6 6 4 4
10 13 8 11 6 9 4 7
27 26 25 24 23 22 21 20
16 19 14 17 12 15 10 13
